1.98199,1.74097,0.00895427,-0.0195382,-0.07462,0.035179,34851,34814,130554,130390
1.90712,1.75344,-0.0202352,0.0220212,0.0502479,-0.0187327,34787,34954,130990,130830
1.91046,1.75506,0.0681965,-0.0649548,0.0368433,-0.176081,34906,34921,130065,130417
1.95133,1.77567,0.0141681,0.0800268,0.0293844,0.148849,34914,34849,130831,130427
1.98077,1.8387,0.0930041,0.0224369,0.169225,-0.147462,34811,34936,130397,130262
2.17607,1.76203,0.114775,-0.0342719,0.205472,-0.107726,34857,34920,130667,130689
1.97927,1.941,0.0266512,-0.00519988,-0.188377,0.0333897,34962,34931,130211,130602
2.09716,1.90244,-0.0745476,0.0020422,-0.0879924,0.0783099,34877,35001,130090,130702
2.14482,1.71858,0.0135817,0.0261927,-0.00556978,0.00253428,34848,34811,130546,130676
2.21166,2.02426,-0.0165942,0.110528,0.00501424,-0.00144477,34863,34981,130479,130982
2.0519,1.95029,0.0548227,0.0256289,0.368882,-0.0162034,35012,34893,130167,130627
2.08493,1.90548,-0.0497932,0.0280262,-0.099059,-0.0248284,34865,35058,130482,130912
1.93537,1.70313,0.0759456,-0.0148407,0.123777,-0.068643,34757,34914,129980,130536
1.91446,1.74859,0.0845464,-0.130868,0.0516978,-0.221318,34751,35155,130450,130056
1.90029,1.77862,-0.0262244,0.0293063,-0.151838,-0.0501763,34906,34987,129962,130450
2.01266,1.88026,-0.00971988,0.000733107,0.0518964,0.0397966,34848,35003,130068,130522
1.9009,1.83992,0.0798909,0.0367883,-0.0329982,0.139903,34888,34852,130127,130973
2.00743,2.06699,-0.040833,-0.0476311,-0.121578,-0.0545603,34792,34999,130101,130506
1.96817,1.8954,-0.0384296,0.0990404,-0.0186022,0.164223,34940,34828,130239,130465
1.90927,1.94202,-0.0745356,-0.0326532,-0.0598498,-0.053788,34995,34906,129928,130822
2.05041,1.74444,-0.0282316,-0.00989605,-0.0766123,0.107664,35012,35014,130808,130678
1.9374,1.84866,0.0158421,0.0369796,-0.0435712,-0.0200946,34824,35174,130351,130755
2.00065,2.01534,-6.02128e-05,0.0367896,0.14798,0.0248759,34945,34798,130554,130574
2.17521,1.72296,-0.0450876,-0.0220353,-0.100608,-0.06855,34923,34995,129958,130291
2.38283,2.31272,0.0183704,-0.00429834,-0.0627253,-0.0130622,34982,35052,130676,130730
2.14452,1.91786,-0.0239815,-0.00348755,0.0164357,-0.0122661,34888,34967,129865,130808
2.20244,1.86922,-0.0700313,0.0499138,0.0511143,-0.111105,34997,34925,129743,130941
2.21358,2.17256,0.0812491,0.0473309,0.386907,0.074962,34784,35003,130266,130242
2.01882,1.78754,-0.0360548,-0.00254063,-0.128482,0.0186113,35015,35159,130066,130635
2.28393,1.9608,0.0680038,-0.0880923,0.193991,-0.205392,34852,34897,130439,130434
2.41331,2.0728,-0.0609618,-0.0306227,-0.0528815,-0.0705537,34931,34814,129877,131027
2.32025,1.71754,0.0673244,-0.0704065,-0.0626611,-0.151218,34798,35143,130165,130518
2.09272,1.71995,0.0437221,-0.0707981,0.128343,-0.156192,34759,34909,130263,130987
2.0339,1.92868,0.0407652,0.060314,-0.0815737,0.239483,34963,34970,130671,130882
1.89688,1.91121,-0.0150657,-0.00830186,-0.0654968,-0.108761,34834,34809,130493,130238
2.14734,1.77659,0.00170062,0.0400847,-0.00102276,-0.030883,34866,34968,130172,130382
2.10423,1.92545,-0.0293292,0.00803624,-0.0526766,0.244514,34687,34912,130128,130611
1.96948,1.78919,-0.0199496,0.185936,-0.0696351,0.260466,34825,34863,130010,130238
1.95794,1.99112,0.00118988,0.0141854,-0.0301994,0.123863,34815,35040,129635,130775
2.28362,2.26358,-0.0153345,0.167725,0.0481257,0.101167,34938,34826,130424,130440
2.19164,1.98796,0.0870876,-0.0644313,0.650343,-0.211885,34855,35080,129720,130632
2.50575,1.8756,0.0990209,-0.0134183,0.545659,-0.0780068,34915,34937,130724,130292
1.94778,1.85699,0.0755022,-0.0676362,0.291312,-0.134919,34975,34914,130251,129840
2.53877,1.97541,-0.0320213,-0.039769,0.0351335,0.0207523,34901,34955,130610,130193
2.09219,1.88344,0.0456194,-0.0199155,-0.0836033,0.013779,34706,35015,130136,130384
2.12957,1.84994,-0.0223279,-0.0212903,0.0504846,0.121375,34949,34927,130041,130369
1.94909,1.94211,-0.00660804,-0.00441531,-0.0250975,-0.0983691,34869,35026,130634,130345
2.1448,2.04587,-0.041781,0.0428099,-0.0695174,-0.00359303,34903,34870,129480,130100
2.20942,1.88923,-0.0731635,-0.0801276,-0.026978,-0.154248,34810,35075,129708,130605
2.17163,1.71452,-0.00255028,-0.053922,-0.0298001,-0.121666,34887,34948,130216,130917
1.97472,1.76916,0.0249806,0.0861197,0.143369,0.0548456,34861,34705,130419,131039
1.97581,1.85095,-0.0264941,-0.0665634,0.0449018,-0.153424,34957,34965,130657,129944
2.06204,1.77116,0.029138,-0.00598559,-0.0284307,0.18451,34884,34891,130810,130564
2.04826,1.7724,-0.0152437,-0.00321099,0.11308,-0.0574916,34870,34840,130656,131004
2.05397,1.86778,-0.0351354,-0.0719093,-0.115902,-0.145545,34906,34968,129936,130434
2.04967,1.90911,-0.0531516,0.0770663,-0.0566212,0.417311,34922,34955,129597,130344
2.00363,1.79223,0.0637258,-0.0210077,0.0278075,0.00955431,34994,34899,130411,130179
2.1168,1.85698,0.105924,-0.00462637,0.436563,-0.126151,34984,35032,130445,130597
2.39997,2.11045,0.0915803,-0.0511946,-0.110986,-0.113902,34977,35014,130901,130797
2.36946,2.18349,0.051761,0.0345447,0.0415763,-0.0665597,34668,34980,130270,130699
1.92724,2.03913,0.00248441,-0.0185972,-0.0556506,-0.00268241,35021,34884,130601,130451
2.44762,2.19411,0.0356672,0.0240812,0.398588,0.000994404,34915,34887,130229,130528
2.38238,2.21283,0.0201847,-0.00644714,0.168344,0.0626098,35001,34990,130633,130901
2.47602,2.07487,-0.0220837,0.0325444,-0.1149,-0.058643,34962,34890,130659,130365
2.40308,2.16266,-0.00190737,-0.0597062,0.0763535,-0.011373,34837,35125,130810,130904
2.33239,1.99106,0.127417,0.0860523,0.0148584,0.202457,34784,34863,130100,130400
1.9752,1.84726,0.083047,0.118106,0.145152,0.384497,34846,34881,130549,130386
1.98994,1.72635,0.0147039,-0.0574,-0.14619,-0.150541,34960,35184,130246,130745
2.0956,1.91476,0.0120661,0.063933,0.23228,0.0376893,34800,34934,131060,130721
2.02849,1.80893,-0.0177485,0.0513499,-0.13004,-0.0698189,34885,34831,129775,130653
1.9914,1.94313,-0.0499122,0.01685,-0.116572,-0.00312424,35006,35043,130622,130762
1.9073,1.79201,-0.0214813,0.0239314,0.137586,-0.0333938,34890,34810,130638,130138
1.89263,1.8094,0.12469,-0.0779431,0.224935,-0.124975,34873,34957,130073,130699
2.03692,1.70752,0.0150177,-0.0520559,0.0220691,-0.065262,34921,34913,129948,130784
1.93372,1.73577,-0.0834129,0.0226295,-0.209208,0.100506,35011,35036,130198,130626
1.99182,1.75648,0.0645223,-0.00656884,0.0773647,-0.0536962,34963,35071,130509,130771
1.87937,1.80435,0.0596983,0.0305624,0.282064,0.104872,34803,34948,129871,130482
1.98179,1.78518,-0.0550054,-0.0358048,-0.107114,-0.0701768,34895,35012,130320,130867
1.97501,1.8518,0.044367,0.0301941,0.0138528,0.0244961,34961,34823,130534,130468
1.95724,1.81586,0.0209731,0.0283282,-0.0100693,-0.0202801,34771,34905,130742,130460
2.01174,1.8487,0.0404816,0.01855,-0.0153535,0.0708067,34956,34762,130624,130421
2.12285,2.00142,-0.0459128,-0.0784323,-0.0314962,-0.16273,34921,34953,130578,130259
1.9444,1.91141,0.0681623,-0.00155223,-0.0130422,-0.0230288,34856,34918,130793,130205
2.19744,1.77713,-0.0259762,0.05164,-0.0673509,0.109247,34975,34892,130297,130451
2.08796,1.74547,-0.0808094,-0.0116692,-0.0115524,0.0199066,34906,34961,130304,129938
2.04592,2.00794,-0.0194012,-0.0798269,0.0199549,-0.00820264,34847,34997,129789,130259
2.18616,1.78798,-0.0748257,0.143992,-0.134244,0.0937254,34810,34813,129433,130845
2.22833,1.86408,0.132734,-0.0211231,0.106406,-0.0666928,34870,35004,130592,130567
1.91022,1.84785,-0.0352229,0.00231582,-0.146074,-0.0885459,34930,35213,130699,130981
2.07607,1.73971,0.0955929,0.0226575,-0.155311,0.0378506,34980,34879,130833,130221
1.97074,1.70766,-0.0651614,-0.0738351,-0.0557784,-0.220089,34910,34840,130499,130045
1.97678,1.8799,-0.0127686,-0.079189,-0.0317798,-0.0949759,35012,35154,129989,130622
1.9062,1.70388,-0.00280064,-0.0568028,-0.0528526,-0.0595181,34897,34885,130164,130720
2.08224,1.70547,-0.0366966,0.0451003,-0.150884,0.0913207,34927,34742,130291,130767
2.23745,1.6836,0.116694,-0.0597927,0.187699,-0.107102,34815,34996,129868,130643
1.90002,1.71983,0.029783,-0.0891275,0.0546792,-0.129738,34829,35250,130159,130258
1.89762,1.92638,-0.0128782,0.043165,0.0373304,0.250024,34897,34868,130694,130683
1.91836,1.71556,0.0163755,-0.0250917,-0.00997608,0.00297879,34959,35129,130244,130037
1.94495,1.82602,0.0477001,0.165509,0.164806,0.0580356,35010,35096,130647,131024
2.28412,2.20291,-0.00114997,-0.05867,0.0127634,-0.0945778,34920,35162,130230,130649
