0.284447,0.256317,0.220831,-0.115751,0.620474,-0.166192,4344,4321,16184,16134
0.296625,0.246017,0.191841,-0.0967639,2.05055,-0.359132,4299,4380,16056,16217
0.268622,0.25722,0.000279803,0.145123,-0.219693,-0.284015,4310,4245,16304,16213
0.247171,0.27061,-0.0997776,0.0963395,-0.163492,-0.015028,4304,4316,15918,16299
0.265718,0.245515,0.201095,0.103534,0.135,0.589751,4252,4387,16230,16168
0.238107,0.24636,-0.237818,-0.0205056,-0.492653,0.194732,4288,4374,15740,16148
0.238987,0.262201,0.480479,-0.179792,2.18753,-0.453673,4330,4376,16306,16087
0.2348,0.255422,0.568871,-0.0437578,0.349852,-0.310093,4279,4385,16088,16178
0.28307,0.280408,-0.0727726,-0.0313321,0.401146,-0.0767266,4326,4392,16152,16271
0.260873,0.246653,-0.122372,0.140092,0.549497,0.411041,4361,4278,16134,16323
0.248818,0.236915,-0.133138,-0.129641,-0.442023,-0.285141,4310,4389,15852,16248
0.246892,0.246402,-0.0286259,-0.0412649,-0.00698406,-0.276013,4360,4320,16337,16095
0.252055,0.264988,0.0893026,-0.057149,-0.0277219,-0.392777,4299,4263,16156,16138
0.252597,0.233762,-0.0552382,-0.0984744,-0.042709,-0.136304,4290,4402,15891,16181
0.242333,0.279679,-0.1248,-0.155262,-0.298341,-0.237435,4305,4285,16046,16297
0.256392,0.24738,0.202869,-0.0045175,1.51677,-0.296901,4276,4312,16346,16133
0.248872,0.247222,0.182856,-0.0144037,2.15405,-0.018319,4306,4295,15888,16196
0.223555,0.249216,-0.101977,-0.0519388,-0.246697,0.131958,4311,4290,16096,16026
0.248622,0.257906,0.0137078,-0.200506,-0.314387,-0.489163,4283,4408,15969,16318
0.236204,0.257526,0.202631,-0.0772793,0.762277,-0.208596,4304,4418,16206,16311
0.243531,0.289714,-0.0822233,-0.20589,0.0291214,-0.422661,4336,4378,16225,16183
0.25701,0.249674,-0.0856535,0.0896359,-0.241397,-0.385371,4310,4403,16245,16345
0.248192,0.242319,0.161523,-0.127927,-0.113954,-0.137141,4318,4362,16253,16112
0.240631,0.249894,0.011296,0.149243,0.227206,-0.257082,4282,4397,16102,16262
0.2635,0.235745,0.272156,-0.0717964,1.28293,-0.181696,4253,4336,16101,16074
0.246663,0.255325,0.0876302,0.177271,0.515426,-0.331843,4267,4388,16357,16307
0.243313,0.255621,-0.0690992,-0.0673735,0.0534212,-0.324515,4306,4313,16015,16214
0.258339,0.246127,-0.0917011,0.0471885,0.0854538,0.205043,4343,4283,16070,16100
0.247773,0.238258,1.09555,-0.0696095,2.57418,-0.250071,4279,4355,16127,16014
0.251797,0.266724,-0.0843886,-0.0579813,0.0201059,-0.0821541,4296,4378,15903,16217
0.29074,0.246901,-0.17352,-0.0406533,-0.219528,0.0355665,4297,4366,15753,16043
0.243586,0.214339,0.021033,-0.0485985,-0.295514,-0.284232,4321,4274,15854,16382
0.221746,0.233538,-0.137638,-0.0252602,-0.433835,-0.147239,4354,4327,16131,16269
0.272148,0.262603,0.175818,0.147285,0.702709,1.22468,4266,4353,16371,16196
0.266907,0.261932,-0.045505,-0.0116473,-0.122571,0.229383,4317,4319,16152,16074
0.240252,0.224717,-0.121465,-0.0235617,0.0697479,-0.273892,4294,4428,15850,16285
0.231789,0.257001,-0.0812329,0.0592228,-0.0866429,-0.172044,4310,4405,16152,16238
0.254576,0.246361,-0.177053,0.191661,-0.356908,0.602335,4307,4334,16067,16172
0.290584,0.256598,-0.0881831,0.0482588,-0.271053,0.427693,4349,4339,16180,16085
0.239514,0.238673,0.0379314,-0.0788997,-0.265472,-0.397821,4330,4294,16236,16262
0.238953,0.237177,-0.148081,-0.0495007,-0.126357,-0.194235,4331,4305,16245,16228
0.235272,0.280183,0.0366668,0.115831,-0.317332,-0.0399123,4295,4275,16195,16235
0.255904,0.301529,-0.031368,-0.0468525,0.577806,-0.0696123,4336,4367,16113,16241
0.258545,0.266699,-0.139871,0.0930717,-0.132238,-0.155843,4324,4376,16258,16151
0.256575,0.265617,-0.0338801,-0.215062,-0.286672,-0.351173,4273,4397,16012,16091
0.253049,0.260586,0.0192924,0.112105,-0.071609,0.782704,4352,4315,16198,16064
0.256559,0.247546,0.0594453,-0.10325,-0.189389,-0.134041,4314,4369,16295,16076
0.232169,0.24152,0.267222,0.0743925,0.127101,0.387353,4321,4333,16252,16332
0.246067,0.238675,0.491349,-0.0347911,2.42065,0.175834,4272,4331,15959,16084
0.257399,0.277891,-0.0668625,0.309335,0.148926,-0.35951,4282,4332,16032,16234
0.242947,0.24269,-0.0455655,-0.0606915,-0.376462,-0.199391,4270,4341,15982,16067
0.243136,0.249829,-0.072205,0.0766823,-0.142315,0.147266,4300,4280,15913,16180
0.243753,0.251901,-0.109447,-0.0824544,-0.255858,-0.164456,4253,4278,15943,16019
0.250309,0.250428,-0.0242883,-0.0273615,0.446705,-0.275609,4315,4263,15911,16328
0.246984,0.255956,-0.111931,0.0694999,-0.455794,-0.0412323,4337,4415,16174,16366
0.25779,0.254966,-0.0286572,0.0213902,-0.203511,-0.220989,4317,4369,16058,16245
0.245091,0.23361,-0.0647752,-0.102873,0.126254,-0.0966748,4275,4329,15911,16216
0.237403,0.254081,0.0392702,-0.095423,-0.0987754,0.145725,4259,4373,15920,16184
0.259862,0.225409,0.095678,0.124465,0.11206,0.160553,4318,4320,15999,16351
0.250969,0.248397,-0.115738,-0.0975515,-0.27382,-0.230623,4320,4407,16036,16345
0.240165,0.2553,-0.0525655,-0.00318473,-0.128083,-0.103434,4290,4253,15906,16250
0.230537,0.26433,-0.0509093,-0.0239288,-0.382877,0.270019,4317,4326,16101,16174
0.252639,0.257161,0.12766,0.0138249,0.405227,0.367648,4299,4311,15945,16200
0.251445,0.243325,-0.0435301,-0.0804766,0.0910019,-0.279169,4350,4358,16106,16082
0.255293,0.244077,-0.0214246,-0.140397,0.785685,-0.24703,4256,4376,16033,16304
0.249512,0.250222,0.0416541,0.0775035,-0.0480394,0.235217,4312,4323,16339,16159
0.251751,0.24745,-0.191563,-0.138625,-0.445116,-0.238753,4344,4337,16201,16219
0.241079,0.232181,0.0452812,-0.0827823,-0.240668,0.28443,4298,4331,16083,16154
0.237666,0.255338,0.16054,-0.155395,0.301773,-0.110622,4314,4426,16175,16190
0.27165,0.276045,-0.00842251,0.00979279,0.469952,0.0606133,4298,4285,15888,16036
0.250589,0.304275,-0.0744879,0.0609572,-0.395537,-0.346643,4289,4390,15900,16274
0.246784,0.233456,0.0274317,0.126949,0.388989,-0.18513,4330,4337,16089,16203
0.228001,0.222082,0.0191295,0.685627,-0.0101653,0.738522,4299,4310,16101,16178
0.249383,0.274759,-0.182477,0.0202094,0.138249,-0.197402,4288,4344,16065,16255
0.278853,0.315189,-0.0664473,-0.0549421,-0.13985,0.157279,4312,4369,16159,16140
0.287089,0.25175,-0.100444,-0.107895,-0.172274,-0.379794,4303,4416,15814,16353
0.20858,0.213575,-0.194518,-0.0633124,-0.447499,-0.328816,4302,4379,15679,16257
0.238143,0.246773,0.173802,-0.144524,0.156767,-0.224574,4298,4351,16346,16102
0.257828,0.26655,-0.0598168,0.0926957,-0.273874,-0.279779,4296,4267,15940,16045
0.27931,0.264654,-0.157566,0.0243388,-0.383255,-0.115061,4312,4348,15904,16328
0.229044,0.224366,0.044237,0.0284093,-0.21424,-0.0418311,4288,4303,16057,16255
0.225922,0.26394,0.122314,0.00477517,-0.382277,-0.0252563,4297,4362,15910,16260
0.250885,0.254998,0.138666,0.014431,-0.241706,-0.187535,4266,4325,16097,16135
0.253284,0.256674,0.233238,-0.0814553,0.109417,0.0357406,4295,4407,15904,16245
0.260445,0.272921,0.0623918,0.000430917,0.608239,-0.294959,4279,4296,16050,16293
0.26428,0.264343,-0.104211,-0.112734,0.00793184,-0.314451,4287,4366,16323,16141
0.237709,0.240605,0.140829,-0.100761,0.198831,-0.323679,4331,4310,16343,16164
0.240991,0.252266,-0.144242,-0.0557712,-0.130957,-0.252177,4291,4311,16264,16227
0.24127,0.248368,-0.143656,0.196684,-0.208637,0.263019,4328,4326,16058,16374
0.255641,0.28309,0.0216375,-0.202807,0.802118,-0.390101,4307,4295,16337,16340
0.297881,0.264974,-0.117153,-0.123889,-0.11388,-0.38079,4319,4313,15971,16194
0.257365,0.231041,0.155241,-0.236253,-0.0740302,-0.291158,4274,4336,16132,16180
0.234017,0.250669,0.0643184,-0.104052,0.194495,-0.0837208,4339,4340,16052,16278
0.234753,0.274676,-0.168397,-0.062573,-0.465057,-0.0261602,4260,4316,15720,16058
0.276808,0.298385,0.0706574,0.0407647,-0.181866,0.281141,4307,4273,16085,16230
0.261743,0.283957,-0.179467,-0.122259,-0.239016,-0.421407,4336,4392,16158,16207
0.234581,0.238622,-0.159856,0.00933402,-0.137229,-0.199986,4360,4272,16121,16049
0.230628,0.245186,0.0308166,-0.0944597,0.450386,-0.233565,4275,4286,16181,16188
0.247769,0.287155,0.0540744,-0.172681,-0.180662,-0.371564,4333,4409,16100,16142
0.281797,0.271753,-0.131258,-0.054246,-0.268468,0.0572482,4283,4350,16096,16056
