0.102374,0.141994,-0.424347,1.95045,-0.378725,0.0536067,255,239,942,979
0.106467,0.132564,0.134077,0.996262,0.0725137,-0.391568,251,262,934,971
0.114329,0.136046,-0.260448,0.568048,-0.999998,-1,232,267,880,977
0.098785,0.120714,1.13079,-0.380851,-0.994977,5.33137,250,270,989,980
0.094494,0.123644,-0.00414578,-0.0941771,-0.984872,-0.311077,256,253,954,945
0.118941,0.127595,-0.124864,0.390499,-0.892298,-0.951268,256,264,959,969
0.105615,0.128398,0.398917,-0.238117,-0.91867,-1,260,248,974,978
0.10761,0.126649,-0.106916,-0.195807,-0.53278,-0.570024,247,263,937,966
0.100645,0.121466,-0.362012,-0.17258,-0.770967,-0.990606,249,259,919,984
0.108793,0.131437,0.118885,-0.503493,-0.886088,-1,259,266,910,968
0.102963,0.151947,-0.324946,0.00917297,-0.999329,4.40363,252,243,945,929
0.102583,0.129432,-0.0521456,-0.281566,-0.726214,-1,261,263,909,970
0.10613,0.154672,-0.096053,-0.17231,-0.848454,-0.999998,251,260,902,936
0.103237,0.134008,-0.142544,-0.156212,0.035246,-0.95991,252,274,935,964
0.103739,0.119042,0.520758,-0.04448,-0.820011,-0.991873,254,256,883,925
0.102849,0.145269,1.03692,-0.300491,0.0227938,-0.999644,247,259,969,953
0.124357,0.137081,-0.476482,-0.238506,0.384364,-0.572438,252,260,858,948
0.114749,0.126302,-0.241247,-0.124552,-0.961893,-0.189509,262,259,973,984
0.097773,0.108999,-0.284982,0.0804236,-0.973673,-0.856551,250,253,917,970
0.111051,0.121672,-0.00389755,-0.297601,-0.984635,-0.964309,256,260,983,956
0.106219,0.137756,-0.0390516,0.172937,-0.544587,-0.967531,252,267,914,959
0.111668,0.168389,0.0953031,-0.292991,0.423262,-1,244,270,907,986
0.110008,0.131227,-0.00816189,-0.358505,-0.671618,-0.0794929,244,256,971,980
0.109293,0.117642,-0.392696,-0.0290205,-0.435731,3.04022,263,253,965,976
0.118403,0.14889,-0.0560726,0.142943,0.343286,-0.58792,258,259,1011,959
0.102185,0.133489,-0.380944,0.146975,-0.605099,-1,259,247,956,967
0.121409,0.130109,-0.231917,-0.117915,-0.718873,-0.624087,252,264,924,943
0.103334,0.130916,-0.0366079,0.00528349,-0.538705,-0.380417,250,264,1005,984
0.122003,0.131435,-0.175065,-0.0785934,-0.660317,-1,248,254,909,960
0.106706,0.110639,0.0206119,0.0240953,-0.979512,0.0418471,262,284,962,993
0.099121,0.12045,-0.300791,-0.398021,-0.842973,-0.418763,252,272,900,985
0.108556,0.120788,-0.0724383,-0.228772,-0.312419,-0.86892,246,266,871,985
0.104755,0.168173,-0.0397031,0.411608,0.54299,0.500556,253,274,996,943
0.109565,0.148128,-0.152495,-0.200674,-0.785557,0.543831,252,262,888,943
0.109119,0.127331,0.230245,-0.436167,-0.995962,-0.612658,243,263,912,928
0.101042,0.114589,-0.0919286,-0.252124,-0.996784,-0.318814,260,272,932,981
0.105986,0.141063,-0.303748,-0.220133,-0.999909,-0.428399,248,259,875,992
0.107768,0.136245,0.106511,-0.254773,2.03413,-0.501007,255,263,959,986
0.108724,0.136502,0.828658,-0.275856,0.00530271,-0.240541,245,265,915,980
0.109528,0.117623,-0.00388172,-0.257692,-0.746056,-0.927291,250,268,929,971
0.098501,0.118211,-0.211916,-0.186483,-0.829392,-0.516343,244,260,908,942
0.108535,0.140794,-0.135888,0.0869707,-0.423218,-0.997909,246,250,892,948
0.103301,0.132565,-0.26886,-0.222797,-1,-1,253,258,916,970
0.105995,0.126233,-0.231285,-0.214179,-0.996256,-0.737745,247,260,890,1000
0.116196,0.127665,-0.017244,-0.240467,-0.733625,-0.783241,252,257,940,960
0.105824,0.133106,0.332534,-0.169907,-0.831378,-0.430858,248,263,969,966
0.105153,0.137394,-0.206459,-0.152107,-0.337403,0.256519,262,254,974,979
0.102817,0.111758,-0.309043,-0.147602,-0.947579,-0.636693,245,264,855,965
0.092301,0.125217,-0.325574,-0.0143261,-0.802735,-0.987404,258,257,963,980
0.112014,0.1248,-0.0453832,-0.231616,-0.653223,-0.896252,249,245,942,971
0.112045,0.130363,-0.158746,0.137214,-0.441294,-0.862397,254,264,912,943
0.102557,0.147063,0.283781,-0.334826,-0.702273,-0.516877,255,269,950,948
0.097274,0.115441,-0.115609,-0.287072,-0.604232,-0.996365,250,260,841,984
0.105696,0.12111,-0.0145146,-0.100081,-0.366789,-0.837434,229,257,898,935
0.122656,0.137362,-0.228287,-0.0610927,3.6962,6.21041,257,252,1004,947
0.113321,0.128091,0.0261305,-0.0730005,0.782267,-0.990996,253,272,949,986
0.10382,0.146785,-0.0474523,-0.0470517,-0.53391,-0.998927,256,256,942,949
0.100348,0.131509,-0.279388,-0.363022,-0.229176,-0.778691,261,261,919,959
0.095722,0.120251,-0.373282,-0.0157657,-0.942912,0.134179,258,264,937,968
0.117452,0.124187,0.153454,-0.259089,-0.935431,2.22163,252,261,916,974
0.107414,0.131713,-0.209158,-0.438848,-0.991958,-0.997317,256,262,926,995
0.112586,0.149375,-0.316079,-0.00980659,-0.96765,-0.992321,262,255,943,977
0.10118,0.117485,0.924423,-0.0827365,-0.620678,-0.442148,252,247,912,970
0.096366,0.127992,-0.297692,-0.198945,-0.888777,-1,255,264,953,935
0.114753,0.137802,-0.128918,0.241784,-0.824986,-0.748375,253,248,949,990
0.102894,0.125691,0.505626,0.0217114,-1,-0.599425,243,269,956,978
0.106363,0.109999,-0.38273,-0.22545,-0.983447,-1,262,256,991,929
0.119125,0.134541,-0.250845,-0.283753,-1,-0.998213,249,258,995,948
0.096823,0.125889,-0.334997,-0.272114,-0.201773,-0.875633,249,266,884,950
0.107939,0.152862,-0.259041,0.0706452,-0.8849,-0.93654,257,268,960,965
0.101362,0.121029,-0.225806,-0.188747,-0.538258,-0.651655,243,272,839,967
0.108243,0.14415,-0.233782,-0.184999,4.47986,-0.562623,253,257,925,994
0.11331,0.134105,0.292059,0.392603,2.60044,-1,249,252,958,945
0.106447,0.136795,-0.275501,-0.245328,-1,0.619752,258,276,1002,983
0.116437,0.155636,-0.259496,-0.300076,-0.854314,-0.842651,245,252,891,974
0.109003,0.130084,-0.0226804,-0.0895538,-0.989127,1.29264,245,244,987,968
0.10243,0.118025,-0.345916,-0.195726,-0.978658,2.58106,254,258,973,970
0.12209,0.14472,0.325827,-0.45435,0.359497,-0.704268,254,259,985,973
0.112401,0.142937,0.310541,-0.251679,-0.696332,-0.83297,246,261,945,966
0.116939,0.165395,-0.0614233,-0.126958,-0.980899,-0.983976,258,244,931,957
0.094436,0.110508,-0.38441,-0.135075,-0.760833,-1,259,266,947,994
0.093696,0.131719,0.581761,-0.0375417,5.709,-0.963183,232,264,955,959
0.104305,0.149655,2.13605,0.140808,-0.506952,-0.933355,243,257,916,959
0.109455,0.121861,-0.129703,-0.228688,0.902706,-0.995728,261,271,1010,968
0.095493,0.111526,0.111857,-0.214878,-0.965807,-0.890677,224,267,929,933
0.093289,0.124635,-0.152037,0.301872,1.97285,-0.728419,246,275,960,985
0.101493,0.130611,6.79226,0.0457722,1.8182,-0.771878,251,257,954,995
0.119229,0.148004,0.772244,0.0486443,0.0670904,-0.999362,252,256,928,971
0.118587,0.135835,-0.37028,-0.263504,-0.928575,-0.355192,255,258,926,972
0.101824,0.126708,-0.152047,-0.261042,-0.654223,-0.990105,253,271,975,977
0.108317,0.11859,-0.14667,-0.034647,-0.970943,0.712068,254,249,961,978
0.100106,0.137733,-0.147829,0.173235,4.80027,-0.374217,246,240,1008,946
0.112066,0.159841,-0.356259,0.037908,-0.96075,0.910182,245,246,939,959
0.103274,0.12382,-0.28666,-0.247953,-0.999994,0.151791,240,258,906,947
0.115621,0.120338,0.153101,-0.180754,-0.774128,-0.87929,254,267,936,975
0.097361,0.122522,-0.282771,0.534764,-0.647167,1.67623,246,276,881,989
0.099339,0.125988,-0.0875047,-0.29717,-0.790562,-1,250,266,891,980
0.101684,0.130335,-0.0461508,-0.215187,0.226114,-0.0397788,255,252,970,987
0.102794,0.121697,0.0261394,-0.0998318,-0.999481,0.768197,252,254,957,953
0.094365,0.123431,-0.0321876,0.35052,-0.767657,0.464416,250,246,920,940
