0.376507,0.274161,0.00960072,0.0965191,-0.2518,0.0349013,2128,2169,7965,8031
0.202775,0.241283,0.179071,0.389416,-0.268011,0.146103,2085,2155,7567,8091
0.180851,0.243052,-0.256858,-0.0616401,0.03741,-0.379482,2165,2166,7943,8060
0.216535,0.226623,-0.147651,-0.0730156,-0.125261,-0.399792,2166,2165,7967,8111
0.166888,0.196762,-0.131819,-0.116954,-0.276749,0.0734314,2113,2175,7903,8018
0.189484,0.300877,-0.0345024,-0.0632538,-0.170767,-0.276569,2155,2203,8154,8031
0.177835,0.239334,-0.164059,-0.169575,-0.221892,-0.285394,2156,2162,7932,8118
0.17913,0.234521,-0.151672,-0.0593471,-0.00968541,-0.377757,2141,2136,7846,8032
0.213485,0.256722,0.149557,-0.216413,0.720269,-0.284249,2092,2226,7956,8115
0.166044,0.211801,-0.168302,0.604187,-0.263382,-0.251091,2150,2106,7994,8065
0.18846,0.25227,-0.0440137,-0.263825,-0.215717,-0.586554,2141,2217,7707,8117
0.222983,0.316983,0.0199715,-0.0781947,0.821211,1.2366,2127,2153,8039,8094
0.165608,0.198848,-0.138026,-0.147062,-0.417357,-0.245285,2149,2155,7951,8080
0.170216,0.226214,-0.140754,-0.12022,-0.0428837,-0.390348,2133,2163,7920,8076
0.236937,0.197434,0.060113,0.474936,-0.237791,0.121742,2140,2178,8094,8146
0.158455,0.194596,0.458266,-0.0150925,0.925999,-0.473887,2129,2185,8112,8133
0.200768,0.254711,0.326017,0.333629,-0.205909,-0.339445,2087,2144,7809,8079
0.178897,0.172725,0.190581,1.49052,0.469545,-0.497198,2115,2155,7936,8140
0.178027,0.210778,-0.188108,0.0450213,-0.610482,0.136715,2155,2168,8015,8067
0.185947,0.211823,1.07642,-0.145593,3.96459,-0.169626,2130,2149,7897,8076
0.172458,0.178913,-0.100829,-0.0781611,-0.249091,-0.362202,2148,2119,7855,8120
0.166125,0.199825,-0.24541,-0.00344015,-0.238955,0.598178,2153,2133,7931,8107
0.178501,0.237949,0.336604,0.0562233,1.70613,-0.021094,2130,2188,8034,8061
0.186276,0.193062,-0.0555744,-0.0202577,-0.161151,0.468531,2163,2151,8080,8110
0.177648,0.258592,-0.118212,-0.231621,-0.366226,-0.25146,2156,2172,7991,8049
0.185834,0.221731,-0.0141862,-0.185398,-0.47907,-0.415736,2143,2171,7907,8082
0.154663,0.223892,0.030163,-0.166113,0.439805,-0.447613,2140,2223,7957,8122
0.2103,0.239393,-0.116757,-0.0759534,-0.445319,-0.0858052,2144,2184,8087,8085
0.167979,0.222896,-0.175696,-0.178764,-0.397337,-0.0612014,2155,2201,8096,8089
0.170357,0.225825,-0.0696151,0.130001,0.603558,0.150346,2171,2149,8068,8102
0.214585,0.223675,0.141294,-0.226608,0.530991,0.230549,2146,2188,8028,8042
0.178138,0.208577,0.416637,-0.0718254,-0.462115,-0.00373729,2161,2152,8069,8078
0.178988,0.252722,-0.0457054,-0.0296416,-0.442274,-0.566628,2171,2158,7976,8069
0.196679,0.215402,-0.162207,-0.139927,-0.288074,-0.0506204,2155,2157,7982,8147
0.216922,0.227444,-0.109054,0.157183,0.19528,-0.287694,2140,2154,8115,8074
0.162643,0.212145,-0.0947252,-0.279349,-0.309246,-0.284353,2136,2207,8135,8139
0.175037,0.221866,-0.117631,-0.116193,-0.27383,0.249824,2109,2178,7892,8138
0.185756,0.209633,0.370128,0.0758234,-0.29657,0.349162,2138,2137,7889,8082
0.178674,0.268393,-0.0573231,0.000217326,-0.159969,1.69271,2130,2118,7947,8040
0.18792,0.189945,-0.0888918,0.0125559,-0.416487,-0.339483,2160,2179,8111,8000
0.167685,0.221064,-0.0970277,-0.212637,-0.0980795,-0.383372,2137,2171,8047,8033
0.179039,0.23582,-0.0439852,-0.14971,0.12355,-0.420934,2163,2202,8096,8123
0.185094,0.224594,-0.0787147,-0.183286,-0.429146,-0.59602,2127,2171,7912,8094
0.162471,0.220826,-0.106146,-0.24977,-0.576971,-0.399818,2121,2209,7974,8079
0.209795,0.214754,0.279245,-0.257457,-0.211044,-0.575921,2154,2208,7921,8085
0.166382,0.206114,0.0603462,-0.174014,0.609646,-0.667958,2119,2150,7777,8121
0.179873,0.231164,-0.15657,-0.205499,-0.340803,-0.598406,2169,2172,8109,8105
0.182582,0.199319,-0.0679451,0.193432,0.432736,-0.343364,2133,2165,7999,8027
0.177511,0.218391,0.0196,-0.0559857,-0.182895,-0.317287,2144,2180,7970,8067
0.189957,0.192591,-0.0417392,-0.0977947,-0.234502,-0.286888,2173,2178,7969,8050
0.172001,0.214566,-0.228812,-0.127349,-0.506771,-0.0745367,2126,2157,7937,8031
0.182476,0.215323,0.149671,-0.0963584,0.547314,-0.0107063,2111,2203,8126,8082
0.165964,0.185734,-0.071085,-0.105319,-0.429349,0.316438,2111,2131,7843,8045
0.190255,0.240768,-0.00175967,0.300436,-0.310861,0.586656,2160,2087,8047,8099
0.162975,0.184318,0.966863,0.0163946,0.0945388,0.0628983,2119,2177,8063,8001
0.157643,0.230655,0.108398,-0.115434,0.213513,-0.18176,2152,2172,8044,8071
0.191482,0.198596,0.239391,0.0508286,1.54984,0.187306,2096,2192,7984,8082
0.169468,0.230359,-0.0322183,-0.178235,-0.303326,0.0841193,2145,2157,7991,8038
0.180728,0.213255,-0.0995349,-0.0841242,-0.334139,-0.192591,2148,2128,7995,8011
0.170559,0.174588,0.209229,-0.105006,0.381179,0.361191,2142,2187,7979,8081
0.1756,0.228762,-0.140382,-0.235527,-0.506556,-0.113535,2116,2190,7886,8113
0.191315,0.218202,-0.0999909,-0.144653,-0.455787,-0.508881,2144,2188,8168,8115
0.18934,0.222834,-0.0419903,1.20869,-0.116394,-0.480344,2096,2149,7756,8108
0.163978,0.23206,-0.153539,-0.140794,0.158742,-0.340469,2160,2149,8026,8084
0.172746,0.203856,-0.0192914,-0.0463625,-0.170538,-0.134891,2113,2194,7731,8158
0.152209,0.202999,-0.195901,0.242029,-0.268885,1.43754,2151,2172,8058,8112
0.172324,0.223876,0.234557,0.170123,-0.451188,-0.10236,2103,2115,7874,8117
0.18242,0.215377,-0.196811,-0.0358481,-0.235679,-0.382294,2158,2093,8068,8110
0.15891,0.198558,-0.0801659,0.0471113,-0.326101,0.232618,2113,2141,7948,8089
0.179234,0.224274,-0.260809,-0.161653,-0.42096,-0.696537,2138,2149,7750,8103
0.173874,0.197786,-0.200928,-0.0816099,0.151905,-0.431319,2117,2173,7806,8104
0.162573,0.195907,-0.205848,0.250267,-0.256885,-0.34246,2149,2147,8025,8135
0.21095,0.23106,-0.209456,-0.238173,-0.599122,-0.217698,2122,2187,7827,7996
0.165804,0.169575,0.0213282,-0.0312409,-0.333459,-0.454093,2162,2161,8160,8147
0.16372,0.24435,0.158134,0.0325577,0.0938793,-0.0653558,2111,2191,7891,8082
0.191648,0.2128,-0.0311616,-0.167687,-0.0425781,0.28428,2144,2159,7962,8060
0.15393,0.19203,0.213174,-0.05039,-0.24397,-0.0664688,2138,2165,8103,8093
0.19407,0.250515,0.131162,-0.0513223,1.8041,-0.251901,2143,2171,8168,8034
0.17114,0.214762,-0.149869,-0.154709,-0.315164,-0.285306,2134,2176,7836,8043
0.173173,0.2126,-0.0525457,0.00071878,0.211473,-0.148418,2168,2167,8066,8119
0.185058,0.181122,0.250952,0.215925,0.027737,0.193459,2133,2139,8041,8146
0.186858,0.259249,0.459702,-0.228454,0.487582,-0.418864,2095,2187,7854,8073
0.203171,0.207435,-0.132484,-0.156003,-0.441327,-0.668697,2108,2189,8145,8103
0.164112,0.183484,-0.0579942,-0.18204,-0.128384,-0.530575,2150,2194,8179,8079
0.17108,0.247331,-0.11076,0.000328925,-0.031019,-0.230356,2104,2201,7745,8099
0.216348,0.22061,0.303624,-0.0870776,1.8103,-0.023804,2147,2160,8025,8031
0.150749,0.210132,-0.00946693,-0.0626175,0.337247,0.19603,2139,2193,8095,8051
0.182675,0.253592,-0.137132,0.24316,-0.139186,1.02094,2162,2118,8012,7998
0.211761,0.236112,0.231345,0.0377082,0.0259525,-0.42359,2142,2161,8042,8101
0.205406,0.232464,-0.1218,0.936978,-0.426532,2.13447,2142,2206,7965,8094
0.197821,0.237901,-0.0800614,-0.201073,-0.259936,-0.200826,2116,2192,7968,8043
0.176163,0.21682,-0.045743,-0.00907608,-0.0187949,0.466088,2129,2145,7854,8040
0.180605,0.230484,0.0429536,-0.135398,1.3433,0.261413,2128,2205,7886,8078
0.188507,0.222694,-0.064161,0.321467,-0.402047,1.54448,2133,2157,7854,8087
0.194261,0.228746,-0.276867,0.0123759,-0.612462,-0.198237,2142,2157,7809,8099
0.200413,0.188746,-0.163541,-0.103516,-0.103636,-0.0090142,2156,2144,8116,8061
0.188519,0.229272,-0.0163246,-0.212984,-0.187478,-0.5076,2111,2157,8062,8123
0.210944,0.261541,-0.177119,0.0298126,-0.280661,0.260817,2148,2110,7859,8136
0.184795,0.188236,-0.0795178,0.302617,-0.383708,0.993819,2165,2192,8028,8107
0.166013,0.254296,0.232011,-0.195632,-0.0118003,-0.588424,2154,2186,8161,8117
