0.279309,0.253041,-0.149118,-0.310649,-0.529329,-0.284911,1040,1078,3936,3942
0.171675,0.23518,-0.0651307,-0.0815179,-0.248133,-0.05231,1060,1075,4059,4015
0.134281,0.167777,-0.126989,0.00706607,-0.455373,0.0593983,1057,1071,4043,4031
0.153893,0.170151,-0.0464143,-0.024278,-0.594165,0.741381,1050,1053,3916,4062
0.144917,0.172976,-0.164419,-0.219821,0.116693,-0.322654,1050,1039,3930,4002
0.138512,0.153246,0.172812,0.374601,0.156069,1.99458,1053,1073,4047,4006
0.130226,0.17676,-0.170482,-0.352503,-0.699815,-0.770713,1051,1076,3946,4006
0.168201,0.18858,0.128606,-0.294533,0.0453378,-0.642871,1049,1102,3916,3981
0.14442,0.174591,-0.132387,-0.0531948,0.0707512,-0.392715,1052,1071,3899,3951
0.139404,0.182778,1.24264,0.768194,1.97491,0.261862,1044,1029,3900,4005
0.166796,0.17322,-0.260144,0.0475503,-0.441134,0.348955,1060,1082,3880,3997
0.119563,0.144447,-0.117937,0.618203,-0.399506,-0.137256,1056,1060,3961,3958
0.122227,0.150358,-0.122108,-0.0279447,0.594769,2.13071,1052,1054,3864,4025
0.148431,0.210124,0.00594725,-0.317163,0.0702842,-0.397096,1064,1084,4026,4000
0.143085,0.135056,0.321827,0.572687,2.43335,-0.0153263,1048,1020,3840,3974
0.12332,0.150161,-0.0891526,0.248337,-0.412438,7.71793,1049,1073,3820,3896
0.149795,0.181193,-0.11733,-0.192045,-0.677194,-0.568404,1053,1098,3883,3993
0.153793,0.148622,0.297981,1.41473,1.79954,0.629647,1042,1049,3962,4058
0.134924,0.167502,0.0229205,0.0372031,1.78086,0.701953,1048,1074,3887,3959
0.131217,0.174155,-0.167571,-0.0964695,-0.693356,-0.28102,1056,1087,3929,4039
0.139902,0.164782,0.31181,1.00389,2.25145,0.1351,1053,1082,3980,3989
0.122204,0.178855,-0.101749,-0.0503817,-0.508348,-0.341627,1041,1069,3945,3951
0.138242,0.166787,0.479281,-0.131129,1.30726,-0.309574,1046,1068,3815,3954
0.153029,0.1516,-0.0510059,-0.133497,-0.148133,-0.394394,1044,1056,3799,3991
0.132129,0.174864,-0.249262,-0.0701324,0.337482,0.0826029,1056,1069,3971,4015
0.159405,0.165521,-0.25331,-0.311512,0.0514674,-0.520634,1051,1097,3882,3973
0.135317,0.171274,0.175116,2.40591,0.084583,-0.0892861,1060,1037,3944,4026
0.133431,0.181304,0.234761,-0.260675,1.74011,-0.66052,1060,1115,3959,4012
0.140809,0.163758,-0.237632,0.0941687,-0.780658,0.816412,1044,1091,3925,4057
0.12735,0.154687,0.102591,-0.223942,-0.609373,-0.313755,1062,1091,4020,4013
0.138959,0.155387,-0.0993192,0.0107801,-0.472755,0.0534745,1057,1041,3864,4037
0.139466,0.153877,0.0396695,-0.0891613,0.90518,0.100093,1050,1081,3955,3986
0.138475,0.1535,0.102917,-0.148591,-0.402469,-0.91074,1044,1061,3887,3984
0.134405,0.178643,-0.237611,-0.122261,-0.704447,-0.0144861,1060,1078,3934,4013
0.149287,0.16495,1.57035,-0.343631,-0.291309,0.626756,1044,1080,3968,4035
0.119894,0.149163,-0.123819,-0.0242688,-0.736295,-0.71352,1049,1105,3947,4077
0.136169,0.186632,-0.199458,-0.00362593,-0.41803,-0.476547,1061,1063,3868,4001
0.147633,0.169241,-0.108797,-0.0657849,-0.338856,0.626965,1042,1067,3819,4029
0.130965,0.133652,-0.216106,-0.130834,-0.603447,1.06857,1064,1064,3903,3934
0.124958,0.174583,-0.0937323,-0.10257,-0.174456,-0.498574,1071,1100,4079,4036
0.137003,0.164558,-0.191282,0.631695,-0.336164,1.11754,1057,1071,3992,4048
0.128226,0.186475,-0.128639,-0.153392,-0.430585,0.298827,1036,1083,3976,3964
0.174245,0.176623,0.174195,0.0425838,-0.33087,0.0755672,1051,1032,3898,3933
0.137574,0.148529,0.263455,0.0707084,-0.327313,-0.343259,1051,1080,3963,4004
0.121693,0.145128,0.231708,-0.134491,0.253947,-0.0235293,1051,1072,4010,3974
0.14457,0.167934,-0.00783425,0.0991819,-0.322878,-0.142516,1053,1071,3932,4020
0.152652,0.161896,-0.150705,-0.00460707,-0.14585,-0.592701,1045,1082,3820,4013
0.1202,0.150819,-0.0362371,-0.212374,-0.473535,0.178271,1044,1091,3890,4032
0.131533,0.176556,-0.193101,-0.164147,0.010765,0.83866,1052,1071,3932,3915
0.163682,0.176654,-0.0586772,-0.259818,-0.533077,-0.851939,1055,1063,4046,3982
0.139443,0.158788,-0.169225,-0.209143,0.252883,-0.273619,1047,1103,3857,3974
0.135583,0.15429,-0.0583917,-0.145872,0.54644,-0.679493,1053,1081,3933,3967
0.13303,0.16467,-0.0559562,1.72063,0.295291,0.00153299,1059,1063,4020,3970
0.124789,0.165014,0.755847,0.167338,0.329604,-0.429707,1046,1073,3939,4059
0.131427,0.175436,-0.158266,-0.157687,-0.0931639,-0.694175,1061,1053,3949,4022
0.123415,0.142071,-0.332987,0.679121,-0.59222,0.273739,1061,1026,3848,3987
0.12422,0.167928,0.0070855,0.0951441,0.647709,-0.679833,1060,1058,3994,4012
0.145804,0.189669,0.312663,-0.105931,1.15067,-0.775646,1060,1069,3812,3986
0.131026,0.148234,-0.0484387,-0.159477,-0.282346,-0.0597678,1045,1071,3896,4010
0.126057,0.142914,0.206754,-0.243415,-0.625845,-0.666579,1050,1069,3969,3995
0.132448,0.160464,-0.176236,-0.0868328,-0.375543,-0.411607,1043,1082,3766,3948
0.157971,0.158433,-0.227633,-0.016831,-0.515816,-0.467536,1053,1047,3896,3995
0.122147,0.167868,-0.296081,-0.288975,-0.856482,-0.252352,1057,1085,3875,3924
0.134421,0.149052,-0.099647,-0.00302962,-0.505825,-0.260193,1062,1060,3908,4046
0.145071,0.170497,-0.245377,0.355464,-0.866824,0.161348,1016,1055,3736,4061
0.13295,0.156023,-0.168714,-0.186388,-0.726161,-0.407483,1062,1090,3911,3971
0.125967,0.155478,-0.118571,-0.147654,-0.578924,-0.691074,1050,1078,4078,4056
0.141906,0.175166,0.110162,0.351057,1.21459,-0.0300566,1032,1062,3939,3906
0.153167,0.143097,-0.110977,-0.0748298,0.230813,0.112931,1056,1066,4027,4023
0.127316,0.167758,0.0155573,-0.228224,-0.47598,-0.227067,1056,1084,3914,4054
0.137562,0.16142,-0.0687963,0.416259,-0.543131,-0.0606885,1051,1037,3931,3970
0.162489,0.17148,-0.174849,0.0946134,-0.556102,0.137437,1027,1051,3735,3914
0.121412,0.13991,-0.00718656,-0.177994,0.178822,0.0187434,1032,1063,3798,3951
0.127829,0.14874,-0.290911,0.0381741,-0.4688,-0.537442,1036,1051,3732,3932
0.126076,0.175041,-0.362622,-0.0294235,-0.63695,0.75516,1046,1082,3961,4021
0.144533,0.157684,0.0154491,-0.256448,-0.503907,0.432606,1054,1109,3902,4054
0.125754,0.167434,-0.223135,-0.15374,-0.350208,0.163373,1062,1065,3839,4030
0.133974,0.167087,-0.0542236,0.199221,-0.217273,-0.157281,1063,1044,3991,3942
0.140398,0.158981,0.088082,-0.104352,0.0275401,-0.339218,1042,1087,3946,4024
0.130634,0.15641,0.388656,-0.157452,1.30733,-0.642482,1058,1112,3909,4039
0.128004,0.158593,0.059379,1.91555,-0.059756,0.306813,1049,1036,3897,4066
0.137011,0.182691,-0.130315,-0.0960707,-0.386399,-0.871767,1058,1119,3995,3987
0.146817,0.156517,-0.147785,-0.197759,-0.617974,-0.67276,1033,1068,3988,3926
0.134159,0.154145,-0.0553352,-0.186105,0.649933,-0.708605,1058,1082,4028,4044
0.137377,0.160459,0.0263747,1.13658,-0.307831,-0.641035,1042,1018,4053,3937
0.139519,0.153132,0.467042,-0.376002,1.00426,-0.589108,1029,1082,4074,3959
0.126293,0.159185,-0.245327,-0.062541,-0.32801,0.116202,1057,1067,3998,3946
0.149848,0.156835,0.10257,0.187812,0.360309,0.0498875,1065,1034,3932,4045
0.14227,0.15314,0.00639676,-0.231014,-0.387702,-0.00164959,1042,1055,3936,4007
0.124673,0.153411,-0.264295,0.690029,-0.593021,-0.522599,1056,1059,3778,4023
0.142275,0.214249,0.00764211,-0.174385,0.451286,-0.566329,1057,1077,3863,4015
0.122256,0.138715,-0.172552,1.71536,-0.717598,-0.21375,1057,1073,4011,4062
0.149603,0.18737,0.158587,0.454723,0.941565,2.49018,1059,1057,3985,3959
0.15313,0.165418,0.273553,-0.0498793,-0.429963,-0.623417,1061,1078,3905,3997
0.123914,0.147992,0.1437,-0.161794,-0.388923,-0.398656,1048,1062,3981,4061
0.144234,0.186429,-0.0584347,-0.0426258,0.151913,-0.223165,1060,1053,3935,4062
0.131693,0.146585,-0.0205033,-0.15269,-0.139421,-0.604974,1021,1068,3893,3909
0.127489,0.144072,-0.200797,0.138766,-0.383508,-0.403609,1034,1064,3829,3991
0.132356,0.17052,-0.069453,-0.24977,-0.180213,-0.5576,1062,1110,3982,4028
0.14234,0.161595,-0.135553,-0.096251,-0.168373,-0.288048,1055,1062,3954,3996
