3.63356,3.04316,0.0552895,-0.09917,-0.0148318,-0.148008,6204,6175,16123,16027
3.83359,3.12555,0.0694059,-0.0992166,0.0558096,-0.226955,6188,6153,16190,16192
3.52664,3.25689,-0.0283693,0.0114153,-0.186428,0.0134891,6187,6205,16313,16299
3.59035,3.21677,-0.00408085,-0.00762829,-0.0793639,0.437296,6201,6187,16309,16169
3.46423,3.02088,-0.0301843,-0.0141705,0.285611,-0.170627,6158,6183,16230,16235
3.38232,3.13044,0.10143,0.0999395,0.377292,0.130372,6206,6166,16268,16095
3.31815,2.93819,-0.0433983,-0.0686981,-0.0114232,-0.170538,6195,6165,16055,16092
3.12221,3.01396,-0.0676662,0.11622,0.0537484,0.242208,6163,6177,16134,16183
3.35008,2.99186,-0.0863999,0.107617,-0.174041,0.208369,6173,6119,16147,15997
3.35113,3.0296,0.102172,0.0705648,0.253822,0.151768,6182,6176,16307,16322
3.25119,3.18734,-0.0562469,0.0764783,0.0624475,0.258627,6193,6179,16141,16296
3.37925,3.16876,0.0214813,-0.00383542,0.22335,0.00229544,6171,6167,16346,16073
3.23669,2.76571,0.0647089,-0.209931,-0.0533017,-0.407754,6198,6172,16275,16002
3.32403,2.92077,-0.208087,0.0211091,-0.321214,-0.0427434,6192,6212,16309,16329
3.38164,2.97082,0.239155,-0.128335,0.411458,-0.251126,6172,6171,16148,16180
3.42876,3.08619,-0.117171,0.0993342,-0.134852,0.160117,6196,6163,16043,16277
3.3727,3.12487,0.0624869,0.144858,0.0936332,0.183219,6172,6169,16269,16318
3.33254,3.11934,-0.0282785,-0.02058,0.0523197,-0.159063,6191,6148,16265,16031
3.3142,3.01208,-0.181866,0.0878585,-0.35013,0.180946,6179,6185,16105,16337
3.38179,3.19494,-0.0953649,0.0988362,-0.31806,0.401092,6097,6163,16031,16362
3.4767,3.15782,0.0314663,0.0188808,0.0468301,-0.0252045,6170,6197,16153,16116
3.30652,2.93121,-0.0245846,0.021832,0.148047,0.0630869,6165,6172,16187,16244
3.34302,3.13622,-0.00466491,0.0789535,0.029972,0.383503,6177,6178,16251,16346
3.22303,3.10779,0.0012267,0.0228518,0.0409308,-0.140635,6191,6160,16299,16196
3.13353,3.22342,-0.142599,0.059597,-0.25497,0.393531,6191,6167,16060,16323
3.41772,2.86316,0.066691,-0.0571729,0.0213056,-0.120015,6188,6171,16216,16132
3.10925,3.28068,-0.0759594,0.210727,-0.126306,0.688787,6142,6158,16040,16306
3.24317,3.2341,0.0483534,0.0168149,-0.0113278,0.206104,6189,6190,16133,16285
3.19524,3.3118,-0.0491845,-0.0397189,0.0915332,0.293429,6168,6177,16312,16342
3.34882,3.09185,0.052745,-0.0204078,0.0991381,0.0749953,6181,6205,16219,16312
3.18375,3.12263,-0.166495,-0.0956954,-0.309469,-0.155855,6174,6177,16143,16179
3.41753,2.98772,-0.0634354,0.0910386,-0.00730068,0.166255,6169,6183,16102,16182
3.27515,3.07932,0.0752771,-0.0780061,0.0137073,-0.0987918,6176,6175,16332,16209
3.27638,3.08299,-0.0932056,0.212334,-0.122571,0.664222,6175,6163,16236,16174
3.33914,3.0034,-0.024524,-0.06498,0.0184994,-0.146526,6175,6184,16171,16080
3.29075,2.98347,-0.0112375,-0.0390199,0.11063,-0.230947,6178,6176,16091,16264
3.18213,2.92916,-0.191037,0.0416003,-0.255345,0.0468781,6182,6199,16068,16264
3.17675,2.92867,-0.00130363,-0.126148,0.0875194,-0.267568,6159,6163,16306,16031
3.19936,3.01251,0.0315224,0.0560349,-0.0206542,-0.173951,6171,6195,16134,16113
3.23205,3.14134,-0.0829569,0.0771162,-0.1731,0.282762,6203,6193,16348,16270
3.36614,3.02185,0.0609819,0.0137259,0.113863,0.0208799,6192,6187,16148,16124
3.27742,2.90355,-0.0731552,0.166612,-0.163206,0.0360184,6167,6177,16196,16213
3.38197,3.15699,0.0694575,0.10089,0.310319,0.611991,6167,6163,16041,16185
3.16002,3.03452,-0.225009,-0.139009,-0.280247,-0.230277,6165,6176,16182,16239
3.18748,2.94321,-0.139319,-0.084271,-0.0152564,-0.220952,6165,6203,16162,16299
3.37392,2.98927,-0.106276,0.0195492,-0.227223,0.113833,6204,6182,16318,16159
3.18057,3.0918,0.0125686,0.0451825,0.14708,-0.0886925,6156,6159,16145,16113
3.25289,2.96714,0.124475,-0.0111024,0.241191,-0.0563914,6163,6184,16191,16142
3.33891,2.90947,-0.0656952,0.172568,0.00259793,0.342587,6196,6173,16164,16297
3.16758,2.99478,-0.142695,0.103793,-0.22234,0.441967,6194,6197,16037,16333
3.40825,3.15373,0.0227214,0.0635678,0.0374089,0.274721,6171,6140,16229,16153
3.36521,3.12967,-0.0319796,0.0536261,-0.148084,0.0196096,6187,6170,16153,16223
3.3814,3.03415,0.0815934,0.166539,0.20186,0.0800846,6173,6163,16175,16032
3.39066,2.97151,-0.0879983,-0.0182139,-0.00615827,-0.289295,6175,6177,16192,16108
3.47425,3.17993,0.0727105,0.0919265,0.177968,0.206102,6174,6174,16128,16297
3.28327,3.02311,-0.0772675,-0.0356238,-0.0206508,-0.104946,6172,6175,16180,16216
3.25716,3.09949,0.0158973,0.125971,0.322686,0.602634,6175,6151,16195,16144
3.29582,3.04469,-0.0753766,-0.0900903,0.0667651,-0.0232308,6169,6200,16318,16188
3.29859,2.97288,0.0213234,0.0121993,-0.130739,-0.14964,6178,6173,16348,16218
3.44952,3.11592,0.0160993,-0.0243322,0.0248214,0.0478399,6177,6161,16203,16298
3.40029,2.99074,-0.0082849,-0.0135249,-0.087278,0.109857,6180,6184,16243,16174
3.50406,2.91534,0.152511,0.00800531,0.155225,0.0317143,6167,6180,16242,16267
3.2642,3.12346,0.189307,0.000116201,0.0411426,0.108597,6189,6195,16084,16172
3.2501,2.97694,-0.162108,-0.0673399,-0.337652,-0.257296,6174,6175,16198,16180
3.27646,2.97795,0.0149794,0.0151528,-0.0759162,0.191313,6177,6175,16190,16302
3.10383,2.95336,-0.0675175,0.0653805,-0.18792,0.250328,6188,6166,16247,16193
3.21165,3.07392,-0.00672945,0.00808068,-0.0568314,-0.0259196,6182,6210,16220,16288
3.52137,2.98622,0.0338958,-0.00201497,0.133382,-0.146199,6167,6189,16287,16283
3.4245,3.13187,0.0944363,-0.0140461,0.13431,-0.180951,6205,6183,16287,16120
3.25729,2.9595,0.057488,-0.143007,0.119537,-0.221902,6146,6177,16034,16121
3.39344,2.92842,0.00482755,-0.00849218,0.0323914,0.0426086,6188,6191,16273,16210
3.50062,2.92791,0.0658071,0.00761933,0.0326937,-0.0918081,6194,6178,16219,16294
3.17796,3.01329,0.0346926,0.033765,0.00043152,0.199104,6187,6159,16229,16123
3.3112,2.87529,0.0639133,-0.059097,-0.0112913,0.0672329,6188,6185,16154,16233
3.30946,3.33619,0.0276572,0.152015,0.0366115,0.376082,6162,6152,16145,16321
3.23259,3.12018,0.0552529,0.0472984,0.041435,0.0239704,6154,6172,16136,16212
3.17617,3.07621,-0.0477593,-0.0429754,-0.0968241,-0.195635,6176,6174,16203,16226
3.26623,2.9729,-0.0447401,-0.133819,-0.0850242,-0.171042,6127,6195,16074,16257
3.24782,3.14911,-0.00732044,0.0369271,0.0182005,0.0207433,6195,6164,16140,16332
3.35278,2.99962,0.0142726,0.0385702,0.0693854,-0.0714631,6182,6197,16171,16077
3.25116,3.06888,0.0433766,0.0106867,0.249365,-0.0947157,6160,6176,16149,16278
3.36037,3.17078,0.0088456,-0.0253963,-0.0315696,-0.0937994,6152,6157,16046,16118
3.30155,3.06224,-0.00748097,0.0478792,-0.070879,0.305939,6169,6184,16145,16292
3.37564,2.98351,0.000367174,0.0050202,-0.06602,-0.0131431,6156,6186,16068,16161
3.21752,2.95759,-0.0314094,-0.074847,0.115007,-0.0159985,6159,6190,16116,16247
3.42003,2.94614,-0.00307301,-0.0761895,0.00479751,-0.0152956,6179,6178,16185,16265
3.425,3.07693,0.027427,0.0313783,0.257726,0.0534022,6157,6200,16105,16164
3.32986,2.95948,-0.0582599,-0.081246,-0.229403,-0.211958,6166,6181,16190,16135
3.3221,2.92887,-0.0469964,-0.0154028,-0.256596,-0.035064,6180,6188,16205,16201
3.24729,3.07274,0.124365,0.110232,0.382173,0.365245,6154,6185,16217,16241
3.41783,3.01782,0.0834771,-0.128644,0.307521,-0.0106115,6199,6176,16254,16215
3.2163,3.07249,0.00163522,0.241972,0.0982323,0.34501,6137,6193,16351,16360
3.2882,3.15659,-0.0644916,-0.00165363,-0.148712,-0.0224688,6154,6155,16070,16134
3.15622,3.05218,-0.0557881,0.170028,-0.153506,0.123261,6171,6184,16229,16240
3.19727,3.09222,-0.210151,-0.0659148,-0.291084,-0.0214264,6201,6143,16175,16120
3.03186,3.15134,-0.0690244,0.0066231,-0.256863,0.0728503,6137,6192,16094,16163
3.31195,2.96316,-0.124102,-0.00639784,-0.239184,0.0488562,6188,6191,16060,16191
3.28648,2.87141,-0.00582972,-0.0507648,0.0926272,-0.0691021,6171,6172,16133,16166
3.09325,2.85895,-0.0489306,-0.0509042,-0.157216,-0.190818,6165,6187,16045,16374
3.41024,3.0566,0.00126738,0.0207704,0.170442,0.150492,6175,6167,16111,16192
