0.922355,1.07175,0.629885,-0.0839897,-0.020629,-0.411536,765,753,1971,1995
0.88425,1.07327,0.110769,-0.104273,0.193761,-0.542775,752,775,1966,2020
0.894341,1.04389,-0.276569,0.344766,-0.185039,-0.575627,754,751,1953,2000
0.921533,1.00696,-0.383063,-0.32357,0.459397,-0.6819,751,766,1914,2014
0.903224,1.03233,-0.118921,-0.00915529,-0.594292,-0.352838,761,781,1988,2019
0.92077,1.00474,0.517719,-0.107673,3.80856,-0.612502,760,758,2017,1966
0.90836,1.03106,-0.218359,0.0299011,-0.306681,-0.00877744,758,751,1988,1983
0.901301,1.06739,-0.0966586,-0.0345762,-0.384351,0.537084,750,762,1987,2003
0.905254,1.01893,-0.0643811,-0.0222341,-0.247644,-0.144972,756,759,2020,2027
0.919599,1.0561,0.242122,0.368531,-0.644821,-0.651646,764,759,1936,2001
0.900275,1.04814,0.0679805,-0.124913,-0.758802,-0.281424,754,760,1958,1967
0.932514,1.06087,0.104331,0.261877,0.205335,0.294354,758,752,2023,1986
0.914554,1.07235,-0.211211,0.019716,-0.842411,-0.684079,752,779,2009,2007
0.910482,1.08293,0.286595,-0.222814,0.1267,-0.500492,757,774,1971,2003
0.892103,1.03732,-0.158047,0.151015,-0.203147,0.365517,754,768,1952,2007
0.927122,1.06272,-0.130277,0.263366,0.126156,0.309652,761,763,1984,1981
0.904047,1.09476,-0.387434,0.560259,-0.779436,7.62352,769,762,2008,1986
0.90427,1.03154,0.0739289,-0.178905,-0.66601,-0.226677,758,792,1971,2026
0.941952,1.06604,-0.176274,0.185486,-0.82131,0.3318,756,758,1933,2012
0.915778,1.00755,-0.00930316,-0.16024,-0.658666,-0.528668,762,749,2003,1977
0.915236,1.00172,-0.212026,0.247544,-0.446443,3.68878,768,759,1948,1962
0.8994,1.04684,-0.354638,0.0577182,-0.429005,-0.301695,771,758,2007,1990
0.88997,0.985654,-0.0973219,-0.158765,-0.595594,-0.397086,763,761,2002,2028
0.916246,1.05232,0.508943,0.101833,-0.0498628,-0.347212,750,770,1998,2012
0.887084,1.0362,-0.143531,-0.13667,-0.848384,-0.505264,759,757,1996,2023
0.894821,0.98426,0.0330416,-0.0342365,0.668726,0.0348265,759,748,2000,1989
0.878139,1.05136,-0.117172,0.27825,-0.533998,-0.360955,758,756,1968,2000
0.892594,1.04733,-0.0214558,0.500166,-0.244239,-0.737583,753,781,1961,2011
0.898441,0.995221,0.0573336,-0.248974,-0.794417,-0.358307,759,780,1994,2003
0.914446,1.03354,-0.0827019,0.0314947,-0.371968,-0.0950113,754,762,1986,2003
0.889767,1.0725,0.079558,0.261469,-0.380412,-0.511384,758,763,2001,1991
0.916771,1.01964,0.456978,0.0188363,-0.401696,0.168331,760,763,2010,1988
0.890839,1.03442,0.188135,-0.239366,-0.626152,-0.258385,773,761,1970,2005
0.869995,1.0413,-0.244841,-0.0661352,0.617296,0.103532,753,758,1943,1999
0.896465,0.976452,-0.106834,-0.15928,0.670191,-0.686446,759,763,1979,2036
0.892596,1.03474,-0.357385,-0.29468,-0.755331,-0.232464,753,781,1944,2031
0.873391,1.03657,0.189558,-0.145462,-0.137252,-0.195483,756,764,2033,1963
0.89087,1.00732,-0.0794255,-0.195093,-0.791489,2.41935,757,766,2017,2014
0.899555,1.01844,-0.129036,0.00356939,0.0571312,0.433357,751,756,1967,2009
0.878123,1.05053,0.121575,-0.0853506,0.432662,-0.693722,767,764,1973,2007
0.89473,1.03213,0.328697,-0.111911,0.65052,-0.082902,758,766,2033,2035
0.896475,1.04194,-0.321332,0.0944944,0.319284,0.833176,763,776,2002,2010
0.866896,1.05216,-0.0714832,0.130104,-0.589194,-0.231962,768,768,2012,1990
0.902749,0.99005,-0.252426,-0.363188,-0.554872,-0.909164,762,762,1945,1965
0.873859,1.03608,-0.161604,0.0433332,-0.0119903,-0.59579,765,747,1975,2020
0.902039,1.0019,-0.0113367,0.0692343,-0.642556,-0.122024,749,764,1981,2001
0.883724,0.992352,-0.123417,-0.256479,-0.736418,-0.329833,757,788,1961,1997
0.907548,1.00203,0.379034,-0.26846,0.02317,-0.531383,759,760,2038,1998
0.883982,1.053,-0.252792,-0.291622,-0.151836,-0.394645,756,763,1960,1968
0.87817,1.07617,0.440755,-0.160001,0.156427,-0.610771,754,769,1967,1985
0.920562,1.01309,0.345904,0.0933149,0.40345,-0.690326,749,775,1988,2028
0.909491,1.04877,0.265928,0.739051,0.907958,0.149144,751,752,1999,2009
0.872456,1.04645,0.0273893,-0.0707329,-0.768481,-0.376938,762,767,1986,1992
0.877295,0.992964,0.271146,0.26243,-0.144072,0.617092,750,757,2039,2010
0.881416,1.01073,-0.117166,-0.185187,-0.333006,-0.133968,771,761,2024,1972
0.871994,1.0519,-0.0375505,0.0101455,-0.722017,1.71915,758,772,1971,1962
0.903083,0.985509,0.090542,-0.259386,-0.629678,-0.710657,750,784,1958,2029
0.907286,0.999938,0.0875682,-0.373979,-0.333689,-0.293363,759,761,1991,1976
0.880732,0.993887,0.0501482,-0.145784,-0.445032,-0.549815,758,760,1990,1986
0.91796,1.00705,0.143508,-0.284446,0.167735,-0.658252,768,776,2012,1995
0.909631,0.998356,0.159749,0.303861,0.905414,1.38912,762,740,2026,2034
0.880738,0.99793,0.190343,-0.219663,0.35079,-0.752765,764,763,1985,1966
0.909852,1.00957,-0.356795,0.293154,-0.632589,-0.492267,753,754,1952,1973
0.88266,0.999706,-0.259538,0.000512997,-0.840622,0.85696,769,765,1997,1982
0.869319,1.04609,-0.00140811,0.102318,-0.695396,-0.328961,763,768,1974,2028
0.905945,0.999224,0.104563,-0.0535619,1.25301,-0.517639,758,778,2014,2008
0.881795,1.05974,-0.282835,-0.113522,-0.693865,-0.109529,740,765,1913,2011
0.873089,1.07592,-0.0121093,-0.0345612,-0.427628,0.0503193,750,769,1926,2018
0.875861,0.971216,-0.421602,-0.265822,-0.937073,-0.406098,753,757,1980,1984
0.883451,1.08937,0.0721326,0.136682,-0.436051,-0.571332,756,772,1978,2014
0.876754,1.04632,0.131011,-0.335228,-0.594353,-0.0550834,758,763,1966,2017
0.871363,1.03924,-0.0178507,0.195696,0.180703,-0.0862823,742,760,1934,2027
0.893343,1.01825,-0.0669656,-0.465855,-0.45238,-0.695631,761,788,1956,1999
0.861459,0.995356,-0.281689,0.271628,-0.286953,0.571244,755,768,1937,1996
0.890096,1.05263,-0.181697,-0.0212511,0.37874,5.0536,761,769,1960,2006
0.91047,0.997908,0.0762684,0.0361305,0.711419,0.175794,761,760,1968,2002
0.906674,1.0093,0.197457,0.0629304,4.05569,-0.390827,746,750,1930,1999
0.896605,1.01786,0.642189,0.250388,-0.554951,0.413506,758,782,1992,2023
0.875804,1.04011,0.074045,0.152523,-0.617926,-0.365694,759,783,1993,2004
0.882186,1.04014,-0.218242,0.0683535,0.0494752,-0.242416,757,760,1992,2008
0.889948,1.05187,-0.0148409,0.238167,1.13176,2.7087,758,759,2000,1963
0.891179,1.02093,0.273151,0.0310198,-0.38118,-0.617933,756,768,1988,2010
0.90612,1.01178,0.231593,-0.200898,0.174966,1.02217,758,768,2005,2006
0.873405,1.05055,-0.229294,0.216863,-0.344883,2.18925,755,759,1942,2009
0.90927,1.02999,0.21203,0.100276,-0.258169,0.995501,759,764,2005,1987
0.908105,1.01997,-0.0863959,-0.237711,-0.311385,-0.571028,766,770,1969,2011
0.880701,1.03295,0.196424,-0.103394,-0.693787,-0.489825,759,753,2008,2002
0.890525,1.0313,-0.211616,-0.237054,0.727613,0.210615,753,783,2009,1973
0.901083,1.00108,0.0882477,-0.287358,-0.365221,-0.670928,762,785,1992,2027
0.894355,0.989775,-0.0494304,0.0538672,-0.240288,-0.240944,757,772,2011,2007
0.882974,0.982756,-0.29315,-0.241768,-0.633917,-0.517646,761,771,1964,1981
0.884639,1.02115,-0.294824,-0.184428,0.335175,-0.622774,759,788,1967,2024
0.893598,1.03246,-0.180338,-0.00624973,2.55993,-0.58484,759,779,1957,2014
0.932319,0.986483,0.451172,0.292193,0.185457,-0.362001,754,770,2036,2021
0.906112,1.06565,-0.157311,0.385405,0.13014,-0.0677098,751,757,1940,1990
0.924698,1.05293,0.0253093,0.0629541,-0.184168,-0.814647,764,763,2011,2008
0.912364,1.01011,0.417325,0.154207,-0.316617,0.0230979,762,759,1990,1978
0.934435,1.08817,0.0359945,0.206829,1.74252,-0.162811,750,763,1984,1984
0.908403,1.09757,0.285021,0.0549335,0.2585,-0.429124,746,742,2007,1952
0.931044,1.02657,-0.233037,-0.0323926,-0.344135,0.258766,759,762,2009,1956
