1.13676,1.26612,0.274879,0.0941772,0.38384,0.00163446,1520,1551,4012,4047
1.14709,1.22241,0.122853,-0.149705,-0.488368,-0.324378,1524,1533,3989,3988
1.18115,1.20632,-0.204261,-0.215147,0.190154,-0.594625,1528,1576,4010,4021
1.17741,1.16297,-0.0522478,-0.165583,-0.297519,-0.531189,1548,1536,4039,4055
1.12576,1.23286,0.0622443,-0.295026,-0.527315,-0.596484,1535,1518,3997,3964
1.13228,1.18083,-0.285553,0.0351678,-0.643961,0.278135,1541,1518,4008,3965
1.16928,1.26525,0.0327399,0.147288,0.35299,0.364259,1522,1507,3978,4009
1.13949,1.21655,-0.0986622,0.183921,0.206261,1.04038,1503,1543,3966,4052
1.13724,1.2321,0.188962,0.0417572,2.36457,-0.167585,1528,1514,4004,3999
1.15004,1.20531,0.0133736,-0.0744125,-0.122643,-0.0381947,1533,1533,4024,3957
1.2057,1.23368,0.158951,0.00280844,0.986089,0.477569,1522,1538,4062,4073
1.119,1.2307,-0.0574273,0.0668053,0.0287569,0.120909,1548,1521,4067,3913
1.10925,1.22384,0.045983,0.45297,-0.240664,0.0232316,1523,1530,4001,4023
1.1447,1.19527,-0.216293,-0.0956335,-0.352309,-0.189835,1527,1524,3953,3953
1.14448,1.22242,0.115677,-0.134562,0.48321,-0.368004,1537,1532,4014,3988
1.12529,1.20226,-0.0708104,0.0498048,-0.187784,0.0927632,1518,1531,3976,3950
1.13807,1.18905,0.117062,-0.104273,1.36391,-0.754699,1538,1534,4081,4024
1.14336,1.21985,-0.0509677,0.157159,-0.424513,0.915904,1536,1540,4065,4055
1.12539,1.1959,0.61916,-0.166243,0.398719,-0.377768,1537,1550,4047,4022
1.13179,1.19647,0.0623204,-0.190279,-0.382589,-0.173118,1527,1536,4006,4000
1.14582,1.19858,-0.139471,0.298536,0.0156929,0.316126,1543,1525,4029,3983
1.13176,1.19419,0.0273955,-0.0445493,0.959085,-0.468662,1529,1548,4003,4028
1.14476,1.25044,0.0499185,0.139865,-0.127658,0.109247,1536,1520,4069,4029
1.15718,1.21706,-0.00297826,0.0825269,-0.163893,-0.133584,1514,1542,3953,4071
1.15732,1.21536,-0.147555,-0.0826036,0.423315,-0.145063,1522,1524,4052,3996
1.17623,1.2108,-0.151131,-0.186168,-0.455146,-0.160058,1530,1533,4080,4012
1.13856,1.19842,-0.179034,-0.0225242,-0.0462089,-0.603181,1535,1525,3968,3996
1.13631,1.19492,-0.231279,-0.239167,-0.598379,-0.596054,1535,1541,3976,4083
1.19959,1.20564,0.0289358,-0.0441109,0.081963,0.646804,1518,1526,4053,3968
1.12434,1.16608,-0.241116,-0.0929141,-0.428741,-0.42372,1513,1530,3990,4009
1.19044,1.21353,-0.0218928,-0.15605,0.0895293,-0.344374,1534,1533,4062,4034
1.15853,1.1942,0.00679626,-0.0355479,-0.180238,0.800716,1538,1499,4018,3965
1.17774,1.20237,0.337828,-0.321673,1.4052,-0.58676,1527,1552,4026,4042
1.12368,1.21266,0.0935941,-0.122058,-0.30221,-0.376548,1521,1532,4090,4011
1.17906,1.18697,-0.115527,-0.231969,0.131401,-0.575434,1535,1525,4020,3975
1.13265,1.18252,0.179694,-0.191572,0.532122,-0.339274,1531,1536,4069,4035
1.15596,1.18423,0.387631,-0.166786,1.27562,-0.391497,1539,1526,4090,3967
1.09434,1.1761,-0.0273106,-0.0931017,-0.186811,-0.156965,1527,1525,4009,3943
1.15181,1.1763,0.297115,0.206987,0.00430643,0.392886,1538,1524,4024,4000
1.14498,1.18811,0.173297,0.111179,-0.0692264,-0.0863422,1514,1535,4026,4004
1.11161,1.1728,-0.0022626,0.224907,-0.0561815,0.852,1534,1534,4009,3990
1.11282,1.22908,-0.00950209,0.172083,-0.326345,0.430424,1523,1537,3982,4056
1.11774,1.21513,-0.169477,0.10285,-0.00420047,-0.107387,1537,1567,4029,4012
1.12789,1.22739,0.204133,0.0494632,0.00742309,-0.212098,1525,1527,4016,4001
1.13635,1.17064,-0.0727893,-0.205982,0.0378402,-0.245179,1526,1518,3986,3975
1.05793,1.18374,-0.411352,0.0724403,-0.79006,0.295195,1516,1513,3978,4055
1.12453,1.16253,0.11345,-0.127237,0.0196738,-0.107217,1543,1531,4027,3998
1.14319,1.16848,0.289156,0.211076,-0.170624,-0.226587,1515,1511,4080,3930
1.12806,1.17855,-0.285985,-0.0370277,0.18368,-0.352609,1537,1524,4021,3999
1.08794,1.18864,0.146456,0.159662,0.530702,0.718982,1520,1532,3981,3997
1.12444,1.19315,0.0353829,-0.0651338,-0.340203,-0.136511,1511,1532,3908,4079
1.15748,1.17854,-0.0283876,0.351177,-0.172536,0.68513,1526,1514,3991,4025
1.15487,1.17908,0.445928,0.262008,0.28128,0.016646,1524,1534,3970,4054
1.11189,1.14293,-0.0706069,-0.078891,-0.500905,-0.297737,1529,1520,4028,4068
1.13482,1.1786,-0.0613405,0.197797,-0.650791,1.18086,1522,1521,4004,3995
1.16204,1.14129,0.0452888,-0.17743,0.674364,-0.378163,1528,1526,4041,3991
1.11152,1.17763,-0.0569478,0.0984615,-0.408589,0.0784014,1536,1530,3987,4029
1.08333,1.18902,-0.22594,0.153719,-0.690173,0.606425,1510,1536,4005,4088
1.14886,1.16935,-0.0211236,0.00808881,0.541952,-0.239115,1543,1531,4025,4012
1.1245,1.16022,-0.0551401,-0.30043,-0.375987,-0.451957,1536,1536,4002,3970
1.12231,1.22586,0.145427,0.240712,-0.10618,0.290046,1526,1533,4011,4032
1.08731,1.14839,-0.248,-0.0612112,-0.411868,-0.572338,1532,1536,3976,3980
1.10512,1.16263,-0.0971228,-0.0456402,-0.109858,-0.356472,1532,1529,4045,4019
1.13646,1.14377,0.0230915,-0.353392,0.261445,-0.673477,1531,1524,3976,3939
1.12662,1.15999,-0.149123,-0.199208,-0.402168,-0.330806,1537,1529,4034,4025
1.12309,1.15644,-0.254353,-0.0291963,-0.334947,-0.247882,1517,1531,3986,4052
1.12447,1.15511,0.120467,0.116192,1.14696,0.0984815,1535,1526,4010,4005
1.11362,1.14954,0.0567099,-0.161481,0.706156,-0.411852,1503,1535,3898,4020
1.07622,1.19884,-0.229541,-0.317525,-0.447957,-0.332533,1532,1539,3997,3979
1.10321,1.16275,-0.00731545,-0.0444737,0.00281523,-0.156134,1533,1511,4009,3927
1.10504,1.20122,-0.129425,0.357728,0.296237,0.216238,1539,1546,4062,4047
1.10164,1.17834,0.0544374,-0.204234,-0.00146674,0.0828781,1543,1540,4052,4014
1.14405,1.20307,0.193891,0.00879372,0.396537,0.0916312,1521,1563,4041,4044
1.09987,1.13151,0.0529206,0.0428183,-0.418183,-0.149132,1515,1520,4003,3955
1.11882,1.17656,-0.198782,-0.27205,-0.431147,-0.704117,1527,1510,4080,3980
1.10309,1.19721,-0.240757,-0.0637134,-0.220934,-0.205133,1528,1532,3886,4006
1.11357,1.19914,-0.0410809,0.168393,-0.174467,-0.011899,1541,1530,4000,4053
1.11616,1.1936,0.0643773,0.192769,-0.305488,0.321883,1538,1540,4080,4078
1.10856,1.21449,0.649087,-0.0537313,1.87015,-0.171667,1519,1516,4068,3938
1.11785,1.15848,0.172974,0.0296979,0.144603,-0.235818,1536,1518,4016,3994
1.11666,1.18438,0.0874286,0.126757,0.0592142,-0.0183357,1543,1535,4060,4092
1.10211,1.15533,-0.0296664,-0.432308,0.0264189,-0.664275,1529,1535,3996,4032
1.08726,1.16904,-0.0559317,-0.0882058,0.245245,-0.0124589,1549,1518,4062,4032
1.12028,1.15491,0.10487,-0.146431,0.0400852,-0.385339,1530,1522,4070,4019
1.1118,1.21242,-0.0858896,0.161064,-0.488756,0.264521,1524,1534,4034,4049
1.11061,1.1461,0.0823643,0.167918,0.968561,-0.0630234,1510,1518,3935,3996
1.10853,1.1602,0.0960298,-0.0344715,-0.226371,-0.151038,1534,1521,3974,3945
1.13304,1.18713,0.162425,0.0540424,0.0832832,-0.297126,1538,1531,4069,4017
1.09867,1.19182,-0.120116,0.149411,-0.265347,1.13997,1535,1529,3991,4092
1.13483,1.18469,-0.105142,-0.107631,-0.123592,0.898761,1524,1511,3998,3969
1.12488,1.18727,-0.0862412,0.174344,-0.0980986,0.330985,1537,1537,4022,4076
1.12301,1.21607,-0.0765786,-0.0987722,0.88033,-0.0553608,1528,1527,3968,4022
1.20351,1.23572,-0.0157871,-0.127347,-0.185864,-0.408536,1529,1538,3984,3997
1.19919,1.19756,-0.203189,-0.305635,-0.395787,-0.536732,1526,1535,3967,3963
1.19299,1.23773,0.0101701,-0.0121079,0.0320021,-0.576276,1528,1551,3962,4010
1.23103,1.20381,0.133143,-0.0439269,0.0392925,-0.505939,1527,1521,4013,3970
1.23647,1.2645,0.253018,0.330398,0.247973,0.511103,1524,1524,4001,3969
1.23171,1.22292,-0.270643,-0.137126,-0.511138,0.397074,1539,1533,4010,3955
1.12299,1.21587,0.00558544,-0.0579691,0.229428,0.248189,1510,1567,3942,4044
1.15817,1.16376,0.0770263,-0.149384,0.218677,-0.412531,1521,1530,3978,4014
