0.548927,0.499979,-0.0196692,-0.0351028,0.0514166,-0.083509,20897,20867,65036,65474
0.539166,0.50225,0.052789,0.0138378,0.0356723,0.0594013,20870,20910,64994,65479
0.547557,0.512934,-0.0670471,0.0561572,0.0742906,0.156439,20964,20730,65426,65179
0.541662,0.508762,-0.0281282,0.0327056,-0.0192158,0.0581235,20935,20694,65222,65304
0.566283,0.50903,-0.080439,0.0155768,-0.0292831,-0.0137348,20979,20937,65448,65365
0.853382,0.549452,0.135056,0.0491468,0.261812,0.0793301,20894,20941,65367,65403
0.546844,0.524717,-0.0235584,-0.0436453,-0.0656284,-0.00382738,20893,21002,64987,65305
0.571768,0.490387,-0.0470836,-0.0772199,-0.0585073,-0.180519,20969,21016,65006,65099
0.568146,0.511326,0.0028694,0.0778378,0.248489,0.00125926,20962,20936,65092,65195
0.538399,0.507892,0.0882794,-0.0519219,-0.0741039,-0.0942692,20968,20920,64929,65303
0.539561,0.496387,-0.0540109,0.0685885,0.0428288,0.0314954,20835,20870,65306,65120
0.542637,0.541655,-0.0361246,0.032046,-0.00265405,0.118371,20901,20857,65232,65144
0.565389,0.517401,0.00832583,0.00375885,0.0618736,-0.0106642,20913,20942,64936,65481
0.540918,0.508096,0.0616429,-0.0382583,0.0528339,0.0159629,20848,20935,65461,65285
0.53798,0.513784,-0.042573,0.0163795,-0.0584429,0.0329466,20771,20803,65354,65072
0.581272,0.518058,0.186276,-0.0387599,0.103422,-0.0189552,20977,20802,64999,65107
0.569902,0.528459,-0.0490156,-0.0362803,-0.00560045,-0.0382599,20919,20981,65023,65449
0.568653,0.502384,0.133016,0.0142585,-0.062438,-0.0173522,20899,20877,64775,65132
0.569673,0.500051,-0.0499576,-0.0495164,0.0160322,-0.129717,20949,20939,65492,65186
0.55242,0.51458,0.129779,-0.103632,0.0534291,-0.0915895,20791,21050,64945,65244
0.576085,0.520503,-0.0581402,0.0722376,-0.113238,-0.0812553,20959,21018,65431,65230
0.565702,0.507878,-0.0816457,0.0433347,-0.0285235,-0.0144363,20960,20906,65245,65334
0.564172,0.554951,0.0161402,0.0976946,0.119229,0.121375,20926,21068,64905,65343
0.572718,0.502334,-0.0248751,-0.0487846,-0.0166324,0.00976133,20825,20980,65515,65411
0.587226,0.514809,0.0797681,-0.0331868,0.0622565,-0.0163891,20911,20894,65124,65390
0.566831,0.501817,0.0100542,-0.0405748,-0.0152236,-0.171432,20845,20955,65092,65204
0.560244,0.495118,-0.00403907,0.0334549,-0.0594924,-0.0359777,20939,20810,65083,65351
0.548082,0.511955,0.0197746,-0.0451845,-0.0320799,-0.0527778,20755,21050,65190,65248
0.547062,0.52295,-0.0359892,-0.0162719,-0.0434963,0.0258593,20858,20972,64903,65342
0.559884,0.527275,-0.0327014,-0.0297496,-0.0454955,-0.0526931,20802,21105,64734,65411
0.558693,0.517936,-0.00789227,0.130012,-0.0502345,0.0219387,20983,20899,65349,65407
0.560145,0.515942,0.0621778,-0.0317979,0.0660376,-0.0371882,20905,21003,65301,65269
0.544241,0.533298,-0.0790355,-0.0145468,-0.037235,-0.11737,21032,21011,65078,65313
0.560398,0.500474,0.0122645,-0.00253019,-0.0629978,-0.0225096,20915,21092,65126,65417
0.554968,0.517396,-0.044109,-0.0631182,-0.0779447,-0.0690142,20879,20929,65037,65049
0.558629,0.498015,0.0540042,-0.0172479,-0.0165581,-0.0690607,20818,20864,65279,65283
0.557995,0.511505,-0.0485894,-0.0942685,-0.0708168,-0.121287,20886,20837,65329,65397
0.56441,0.511148,-0.0713664,0.0554851,-0.0711628,0.00714219,21012,20943,65101,65347
0.572425,0.507586,-0.0152727,0.0533549,0.0287265,-0.0620214,20969,20862,65322,65400
0.5632,0.508872,-0.0562603,0.0395678,0.0599756,0.0254246,20877,20824,65059,65046
0.555332,0.525543,0.0637103,-0.057384,0.0987975,-0.0185615,20853,21086,65481,65057
0.567355,0.511473,-0.0259478,-0.0620433,-0.0601366,-0.0339261,20843,21027,65085,65448
0.569778,0.52309,-0.0139365,-0.0411314,0.00694814,0.0250293,21052,21035,64936,65462
0.557048,0.507129,0.0761429,-0.0100765,0.137174,-0.0831651,20966,20922,65114,65062
0.547126,0.509881,-0.038853,0.0366457,-0.0923534,0.0656918,20818,20818,65051,65150
0.541556,0.515969,-0.0960602,-0.083676,-0.171244,-0.070785,21008,21013,65035,65496
0.566371,0.525605,-0.019346,0.0483919,-0.0660551,0.0611974,21030,20784,65363,65225
0.568492,0.514687,0.0216021,-0.0290126,0.197321,0.0165976,20822,20849,65424,65028
0.569068,0.540214,-0.0632932,-0.0454225,0.00352736,-0.0424683,20884,20906,64234,65409
0.586716,0.510416,0.161852,-0.0622183,0.0645309,-0.0559052,20920,20978,65355,65155
0.555335,0.49967,-0.0152603,-0.0157177,0.00340604,-0.0507808,21038,20881,65446,65304
0.54512,0.538609,0.156228,0.00419241,-0.0657958,0.126433,20853,21065,65144,65401
0.55029,0.520257,-0.102723,0.00759058,-0.0902588,0.0606435,20942,21025,64845,65303
0.554611,0.494128,-0.0697911,0.0594383,-0.011055,-0.0582359,20853,20891,65489,65463
0.543068,0.491986,-0.00764589,-0.050916,0.0569606,-0.055505,20789,20980,65455,65329
0.552217,0.515226,-0.0814145,-0.0264551,-0.10547,-0.0295768,20904,20941,65293,64980
0.556302,0.526492,0.0143548,-0.017956,-0.00279232,-0.0122752,20739,20994,65161,65259
0.571426,0.500941,-0.00487408,-0.126374,0.0346543,-0.0149059,20915,21111,65352,65093
0.566047,0.518019,-0.0867044,0.0773809,0.0170869,-0.0342743,20976,20887,65315,65500
0.568742,0.512588,-0.0335282,0.0703698,-0.184542,-0.0314052,20937,20811,65454,65061
0.551854,0.517835,-0.0857817,0.132733,0.0912553,0.0271348,21001,20920,64828,65230
0.543286,0.515709,-0.00310256,0.0962237,-0.107766,-0.0576517,20934,20938,64974,65021
0.550191,0.504687,-0.0252217,0.110186,-0.029268,-0.0438821,20909,20815,64787,65239
0.517773,0.522618,-0.111053,-0.0129403,-0.23168,0.0130119,21049,20852,65081,65224
0.546284,0.530095,-0.0625539,0.0889509,0.0170625,-0.0664119,20968,20875,65347,65428
0.548674,0.503819,-0.0580524,0.0181764,-0.0828355,0.0298465,20860,20830,65179,65347
0.556456,0.514116,-0.0284618,0.0941598,0.0613894,-0.00298815,20902,20930,65373,65134
0.562472,0.514742,-0.0463308,-0.0055948,-0.0779477,-0.0269899,20848,20930,64800,65063
0.552915,0.50058,-0.0964916,-0.0965339,-0.0946255,-0.0208677,21001,20977,64671,65341
0.557417,0.521549,-0.00878519,0.163908,0.0162246,0.0443243,20937,20824,65438,65085
0.548243,0.515719,-0.0703845,-0.0656556,0.00324547,-0.0118402,20926,21061,65284,65290
0.576531,0.525844,0.0953781,-0.0894712,0.127185,0.0465371,20821,21013,65111,65359
0.557915,0.516118,0.106098,-0.045753,0.070722,0.0346696,20834,21037,64789,65343
0.592307,0.500271,-0.0791782,0.0232524,0.0568799,-0.0957065,20992,21017,65448,65259
0.521312,0.514688,-0.059011,-0.0964584,-0.0743822,-0.0161692,20889,21002,65199,65156
0.557745,0.531238,-0.0491117,0.0364377,-0.0793426,0.0947637,21003,20830,65439,65091
0.574885,0.500055,0.0565283,-0.104129,0.0197697,-0.0683516,20894,21016,65443,65230
0.551397,0.496158,0.00229964,-0.0460122,0.15353,-0.037966,20911,21217,65230,65312
0.56583,0.51528,0.146283,0.131614,0.0168351,0.0395016,20998,20905,65470,65213
0.533651,0.541303,-0.0592633,-0.00730624,-0.107799,0.0216138,20911,20888,64964,65400
0.562024,0.557279,-0.0619327,0.000918079,-0.0343172,0.1123,20917,20835,65344,65478
0.558397,0.482681,-0.0488384,-0.0608652,-0.0334167,-0.0620096,20972,20894,65312,65364
0.547984,0.546889,0.0225314,-0.0513888,0.00939762,0.0349038,20945,21092,65342,65087
0.558625,0.50564,-0.0480069,-0.0286643,0.00617302,0.0601959,20968,20993,65532,65435
0.526754,0.51554,-0.0363833,-0.0794662,-0.0619663,-0.0172596,20888,21112,65084,65228
0.581472,0.526157,-0.0079016,0.088613,0.117677,0.145608,20941,20862,65261,65112
0.551356,0.520929,0.0858314,0.116714,0.0543086,0.0450039,21016,20823,65401,65269
0.593484,0.51283,0.00904892,0.0142377,0.0179662,0.0676661,20888,20869,65067,64983
0.510404,0.532307,-0.0889906,0.157438,-0.0844557,0.185141,21059,20824,65114,65492
0.559933,0.517074,0.17494,0.0994983,0.0991488,0.121284,20828,20855,65253,65353
0.540881,0.527219,-0.00293577,-0.00772483,-0.0416873,-0.0421749,20874,20956,64991,65384
0.572298,0.500555,0.103876,-0.0473005,0.0880155,-0.0140958,20943,21036,65354,65454
0.530114,0.489565,-0.0362868,-0.0469355,-0.0652171,-0.0712448,20960,20918,65088,65146
0.54795,0.501011,-0.100755,-0.0651233,0.034817,-0.0683359,20914,20960,64724,65277
0.550638,0.527014,0.13493,-0.00298652,0.0938386,0.00726529,20839,20733,65351,65114
0.545522,0.514604,-0.0397186,0.156225,-0.136297,0.0431346,20891,20807,65160,65096
0.552593,0.506034,0.034052,0.0642191,0.113199,-0.0671389,20923,20847,64859,64952
0.594481,0.524353,0.00811176,-0.0496036,0.123865,-0.118159,20824,21027,65118,65048
0.584407,0.527717,0.0606795,-0.0123985,0.102756,0.00255926,20929,20943,65142,65355
0.56211,0.555847,-0.0850586,0.0647433,-0.0299973,0.00322906,20951,20892,65141,65406
