12.1101,13.9463,-0.00853399,0.0942777,0.111748,0.159192,2414,2469,16042,16028
11.7556,13.1288,0.0147709,0.0811994,-0.0308779,0.0607518,2422,2426,15579,15910
13.9836,13.3671,0.132286,0.0179866,0.13772,-0.0115195,2395,2468,16056,16254
14.1288,12.2859,0.139834,-0.048812,0.207805,-0.160761,2409,2483,15743,16202
11.2385,11.28,0.00700784,-0.0969061,-0.00594421,-0.171906,2406,2410,16039,16280
13.6847,13.8734,0.0473435,0.0207306,0.0661007,-0.041553,2408,2482,15614,15997
11.5925,12.4288,-0.0534119,-0.00637797,-0.0085265,0.0846539,2408,2473,15846,16225
13.0988,12.3931,0.0338992,0.0169408,0.000676758,-0.0989301,2422,2447,15937,15953
13.2987,11.1857,0.0229646,-0.0318665,0.00612473,-0.00999023,2409,2404,15978,15956
12.6153,10.7183,-0.0279086,-0.0256607,-0.0479077,-0.0224871,2417,2411,15874,15888
12.4027,12.9294,-0.0160318,0.0707248,0.0505503,0.0552928,2415,2439,16059,15986
11.9832,12.9704,-0.0126022,0.0134453,-0.0449861,0.0170807,2419,2486,15888,15970
14.8126,13.2111,0.0142903,0.0554959,0.0650427,0.155911,2415,2376,15896,15914
12.9186,12.1055,0.0134321,0.0055162,0.144009,-0.016095,2407,2397,16021,15963
12.4601,13.8004,0.0326968,-0.00127276,0.0451002,-0.00420893,2414,2429,15695,15939
11.8184,13.6221,-0.0185861,0.0249295,-0.0918553,0.137069,2418,2381,15925,16229
12.0293,10.9628,-0.0734547,-0.0663609,-0.148782,-0.0632182,2415,2482,15795,16309
13.1923,13.2169,0.00646829,0.0436852,0.0920728,0.0783413,2411,2324,15764,15908
10.9544,12.8793,-0.134543,-0.0207921,-0.298221,-0.135029,2412,2423,15381,15713
10.3758,13.3072,-0.104357,-0.016648,-0.121588,-0.0738842,2412,2412,15485,15982
14.5648,13.5497,0.186864,0.0519557,0.231804,0.143526,2402,2419,15969,16083
10.4646,11.3282,-0.042274,-0.0751565,-0.192991,-0.0679183,2412,2437,15768,16042
12.2733,12.4087,-0.0404735,0.162688,-0.0616791,0.314329,2409,2431,16014,16172
12.5252,14.0935,-0.0116717,0.0592457,0.0883301,0.00052181,2414,2437,16255,16244
11.9054,12.8262,-0.0288779,0.0794673,-0.00187993,0.141,2421,2408,16004,15960
11.5393,14.3705,0.0053122,0.163006,0.00198693,0.22215,2418,2394,15945,15860
13.4368,13.6469,0.115637,0.150386,0.0934342,0.200152,2408,2389,15907,16019
13.7884,12.8121,0.0407844,0.00579572,-0.038036,-0.0462628,2413,2412,15668,15956
12.1017,13.7796,-0.00119894,-0.117288,0.0895348,-0.189633,2420,2546,15634,16041
11.2976,13.7959,-0.0735202,0.0867383,-0.0996467,0.121902,2411,2397,15803,16245
12.0329,12.4454,-0.038454,0.0138548,-0.0129606,0.00246505,2410,2436,15727,16090
11.6913,14.225,-0.00666391,0.0764272,-0.0061618,0.0647614,2407,2435,15742,16185
13.3152,10.7007,0.218357,-0.0617377,0.285075,-0.0761184,2406,2398,15620,15835
13.3862,10.9861,0.139419,-0.0376177,0.141156,-0.0639986,2415,2390,15857,15834
13.207,12.6645,0.00365279,-0.0579422,0.0155425,-0.041651,2410,2425,15895,16259
11.5275,12.5595,0.0201706,0.0584961,-0.0605863,0.11709,2408,2400,15802,15931
12.0473,13.8024,-0.0407738,-0.0105078,-0.03838,-0.0164469,2393,2514,16012,16131
13.1597,11.4021,-0.0469268,-0.176253,-0.0297546,-0.272015,2412,2478,15810,16144
10.7422,11.669,-0.11188,-0.0332478,-0.1625,-0.079482,2391,2409,15464,16130
11.5832,11.1736,0.019663,-0.0854554,0.00279765,-0.184633,2411,2430,15871,16022
12.5714,12.4966,-0.0651934,0.0346218,-0.141849,0.0552457,2414,2460,15863,16078
13.5076,13.2474,0.0900489,-0.0371214,0.0960443,-0.144128,2396,2467,15811,15976
11.0155,12.8746,-0.115818,-0.0361842,-0.139342,-0.0421727,2400,2472,16010,16299
12.2759,11.5523,-0.0419666,0.0856997,-0.00323286,0.122832,2372,2410,16377,16080
12.2443,12.0834,-0.0162705,0.0881524,-0.00543437,0.169542,2403,2376,15773,16176
12.3848,13.3731,-0.0106375,0.050174,0.0207676,0.1559,2401,2434,16056,16175
13.1415,12.2608,0.0391922,0.0237986,0.116984,0.0558697,2407,2388,15838,16286
14.4097,11.5557,0.171359,-0.0432203,0.325409,-0.10629,2409,2472,16132,16059
13.6075,12.3568,0.0748285,0.00690342,0.0528295,-0.0336066,2417,2435,16085,16159
12.4646,12.2479,0.0126639,-0.0721557,0.103115,-0.140101,2417,2497,16139,16234
12.8744,12.5574,0.0977292,0.0812157,0.102321,0.170347,2413,2373,15977,15982
11.6169,11.9006,-0.142027,0.03809,-0.229,-0.0542247,2416,2395,15565,15707
10.8543,12.3032,-0.169185,-0.0243484,-0.248821,-0.0582906,2400,2483,15281,15932
11.5588,13.3405,-0.0297966,0.0182913,-0.100082,-0.0325114,2414,2436,15538,16119
13.7303,13.3552,0.0552043,0.0281906,0.0342187,0.0279191,2410,2447,15481,15877
11.6027,10.7134,0.0150353,-0.0945632,-0.00221213,-0.0496993,2413,2441,16028,15818
12.5672,12.9645,0.0131658,0.106979,-0.0176843,0.0959969,2392,2452,15528,16257
13.336,14.0676,0.0232957,0.0823923,0.0784918,0.0190328,2416,2414,15867,15685
12.2657,13.3136,-0.0957221,0.049706,-0.146119,0.0828282,2418,2458,16108,16102
11.8763,13.4182,-0.0140973,0.075135,-0.00772558,0.105717,2408,2415,15566,15887
15.679,12.155,0.197194,-0.042634,0.330027,-0.0718671,2400,2461,16373,16001
12.7242,13.2718,0.0027059,0.0326868,-0.00568476,0.0801308,2416,2427,16189,16201
11.8308,12.6855,-0.00510244,0.0844294,0.101596,0.0397759,2400,2417,16186,16232
11.959,12.6482,-0.0197184,-0.0102672,0.0307852,0.0203596,2400,2395,16011,16285
13.0183,14.2761,0.0118666,0.0424152,0.0421775,0.0623565,2397,2455,16039,16031
11.5241,12.9126,-0.0364867,0.0561907,-0.00245562,0.137924,2417,2380,15561,15988
11.6903,12.9628,-0.0309308,0.0713292,-0.122369,0.147934,2391,2412,15803,16000
14.0939,12.8854,0.0543451,-0.0333711,0.041557,-0.0211937,2411,2461,16260,16193
12.4176,12.6012,0.0250754,0.0141559,-0.0615481,-0.0368809,2408,2402,16156,15913
13.5668,13.6451,0.190625,0.0562484,0.355424,0.0556566,2410,2429,15538,16181
12.8225,13.8441,0.0125534,0.079635,-0.0443032,0.15532,2413,2414,15385,15890
12.8833,12.3084,0.0505236,-0.0287977,0.0930028,0.00772681,2413,2381,15886,15740
12.4819,12.803,0.0381667,0.0985471,0.170067,0.0305184,2355,2456,16023,15915
14.1928,12.8265,0.130915,-0.0355289,0.225819,-0.0270229,2417,2390,15973,15899
12.5153,12.5138,0.0567734,0.0265657,0.0527664,0.0311507,2411,2408,15786,16068
11.4005,11.3541,-0.045504,-0.0540334,-0.14091,-0.00610142,2417,2419,15591,16109
12.1538,13.0472,0.11163,-0.0288338,0.211484,-0.103676,2417,2425,15893,15971
12.2784,13.8611,0.0365969,-0.016445,-0.0142182,-0.0122118,2403,2471,16344,16190
10.6468,13.9606,-0.0318009,0.0912177,-0.0429448,0.0484369,2414,2463,16079,16191
13.4453,13.4922,0.06488,-0.00796003,-0.0461265,-0.0125324,2419,2425,15967,16009
12.4042,14.4772,0.0203419,0.0779868,0.0891095,0.190301,2392,2412,15441,16185
12.5312,13.9638,-0.0263942,-0.0131182,-0.0690251,-0.0411029,2393,2494,15849,15965
13.5089,12.9558,0.179762,0.0850689,0.258051,0.0275022,2413,2518,15791,16211
13.6737,11.5683,0.142719,-0.115689,0.15428,-0.207408,2401,2463,16372,15859
13.3067,11.3819,0.0717162,-0.0876301,0.101218,-0.230301,2420,2392,16005,16126
11.6147,12.6798,-0.0659625,-0.133473,-0.0579139,-0.2672,2414,2464,15675,16092
13.0339,12.8631,-0.0254157,0.0905737,-0.0525155,0.0536069,2412,2393,15611,16127
11.0064,12.0973,-0.155315,0.0396944,-0.266754,-0.0547081,2393,2486,15572,16174
13.5901,11.3703,0.0230485,-0.110615,0.123755,-0.185431,2394,2417,16363,15926
13.8179,11.3589,0.0537022,-0.0856323,0.139568,-0.20933,2399,2438,15991,16037
13.9103,11.9508,0.0851651,-0.0265619,0.136985,-0.00996264,2414,2520,16114,16270
12.695,11.1543,0.1311,-0.0114098,0.198042,-0.0470856,2406,2392,15731,15806
12.755,12.397,0.0100715,-0.016181,0.0806433,-0.0820121,2414,2520,16150,16287
10.5943,12.7692,-0.0925336,-0.0049123,-0.0501459,0.148969,2412,2418,15895,15708
12.2286,12.4446,-0.020198,-0.0954899,-0.00245618,-0.218027,2375,2437,16139,15996
11.4241,13.2586,-0.100714,0.0159633,-0.134642,-0.0263058,2409,2423,15902,16311
12.2221,12.0781,0.000218191,0.067882,-0.0274274,0.173931,2410,2394,15962,15779
11.8655,12.3983,-0.0654636,0.0147343,-0.0852598,-0.0187915,2415,2440,16104,16253
13.4257,11.0802,0.141058,-0.0169626,0.180262,0.0167174,2384,2416,15903,15911
12.7728,11.7274,-0.00361396,-0.0567438,-0.00709889,-0.0900394,2422,2361,15609,15983
