0.081041,0.1161,-0.276731,-0.206931,0.125847,1.32938,250,261,957,970
0.078116,0.121445,-0.35299,0.178972,-0.94914,-0.973997,243,243,889,914
0.075712,0.106019,0.120008,-0.243663,0.287783,-0.725069,244,244,910,880
0.076308,0.105866,-0.189502,-0.310144,-1,-1,258,235,1009,877
0.076204,0.11928,0.514388,0.617666,11.065,-0.887694,235,246,909,912
0.076755,0.106538,0.0911085,-0.203519,3.88052,-0.811462,251,222,982,868
0.075728,0.114084,-0.155642,-0.327116,0.108723,-0.966832,258,241,995,850
0.076865,0.118058,-0.297762,-0.299071,-0.981104,0.228916,253,236,882,893
0.076637,0.106278,1.01498,-0.354559,5.92696,0.149014,240,254,960,926
0.075988,0.108632,-0.183675,-0.197405,-0.523433,-0.177846,256,242,948,890
0.075722,0.11746,-0.256046,-0.150345,-1,0.402538,251,243,911,913
0.076798,0.107432,1.33264,-0.198933,5.11995,2.68037,251,236,977,925
0.076095,0.10711,0.0790276,-0.399276,-0.830279,-0.914431,246,235,880,834
0.076093,0.107065,-0.200583,-0.250875,-1,0.740056,238,246,869,925
0.075875,0.105952,-0.255275,0.167485,1.49277,1.03431,255,251,968,922
0.076527,0.106744,0.675546,-0.303388,-0.38486,-0.665413,248,247,982,893
0.08586,0.105929,-0.103201,-0.281656,-0.622592,-0.202322,240,251,915,925
0.07631,0.106769,0.151068,-0.26693,-0.852833,-0.839966,251,238,913,882
0.076407,0.107009,-0.222006,0.336317,4.27243,-0.887342,255,245,946,937
0.086192,0.108088,-0.317951,-0.361691,-0.346289,-1,251,229,944,836
0.075855,0.105596,-0.524733,-0.00866322,-0.920977,-1,258,254,943,948
0.075734,0.106927,-0.0532697,-0.508211,-0.902274,-1,247,234,910,843
0.086106,0.105899,-0.021795,-0.0597066,-0.312987,-0.919742,256,229,944,825
0.077047,0.106423,0.684411,-0.0924042,-0.789278,-1,260,228,942,913
0.075731,0.106564,-0.243727,-0.23477,-0.908366,-0.69303,258,248,961,907
0.086504,0.106018,0.156974,-0.218712,17.6599,-0.844411,248,243,1007,910
0.076769,0.10777,0.102566,-0.400548,-0.96704,-0.269212,252,253,954,947
0.075766,0.105912,-0.331188,0.119391,-0.94182,-0.553484,253,239,952,895
0.086287,0.106375,-0.342387,0.00997799,-0.0108462,-0.851919,254,245,917,893
0.075825,0.149809,-0.242831,1.76718,-0.737044,0.141958,255,232,980,882
0.110992,0.318564,-0.483999,-0.0458343,-0.999977,0.176597,260,240,948,900
0.159046,0.159032,0.0185072,0.326058,-0.193022,-0.944818,260,245,970,937
0.088089,0.125968,-0.40458,-0.095682,-0.999998,-0.589388,259,234,922,846
0.091644,0.126693,-0.115149,-0.127295,-0.911377,4.01467,248,243,956,899
0.090268,0.12558,-0.342615,0.117955,-0.921351,-0.998177,253,241,925,918
0.089388,0.129562,-0.45533,-0.316513,-0.988432,-0.873086,251,240,872,958
0.09222,0.127918,-0.133953,-0.0131405,-1,-1,252,214,963,958
0.091799,0.127013,1.40628,0.164111,9.86654,-0.924889,253,246,962,912
0.091082,0.129251,-0.287662,-0.37854,-1,-0.999589,241,244,890,819
0.09187,0.12652,0.180008,-0.271722,2.29197,-1,256,252,918,911
0.090598,0.1253,0.847162,-0.264139,-0.999899,-0.468379,253,257,902,913
0.094335,0.147737,-0.431462,-0.40687,-0.639636,-0.976639,262,248,942,901
0.090814,0.124278,-0.134992,-0.0596437,-0.719841,-1,238,237,866,888
0.090453,0.122761,0.11707,-0.234972,3.04425,-0.9922,259,238,990,847
0.103458,0.128073,0.0320239,0.107471,-0.0267387,-1,259,246,998,927
0.089888,0.124231,1.03502,0.159758,-0.641335,-0.771062,247,229,914,860
0.08857,0.13546,-0.212789,0.0190835,-0.794221,-0.708769,259,231,961,918
0.096077,0.122623,-0.0552593,0.0907156,-0.986248,-0.572931,257,230,935,866
0.088847,0.122692,-0.00553085,-0.413075,-0.999939,-0.9999,257,245,964,917
0.089032,0.144132,0.173369,-0.197989,2.36714,-0.665415,253,231,959,856
0.081501,0.113177,-0.383532,-0.362363,-1,-0.540757,262,237,916,907
0.081017,0.112701,-0.500253,-0.0893237,-0.122219,-0.996713,255,221,897,831
0.08086,0.112956,-0.114494,-0.158332,-0.322901,-0.979755,251,235,1021,916
0.080759,0.111929,-0.0636422,-0.1607,-0.836922,0.784417,262,232,954,857
0.080179,0.112217,0.247727,0.335252,-0.674994,-1,239,240,926,889
0.080023,0.112094,-0.397615,-0.040931,-0.91007,7.45727,256,244,927,990
0.084202,0.1117,-0.227554,-0.505092,-0.690529,-1,245,247,918,875
0.080224,0.112214,-0.115772,-0.0368722,0.74219,-0.797128,257,237,1005,917
0.079973,0.111884,-0.402754,0.495723,-0.888023,-0.999992,259,236,930,948
0.079548,0.111668,-0.296997,-0.365859,-0.968524,-0.660897,254,247,964,890
0.079727,0.1123,0.931278,-0.300553,0.391261,-0.726158,249,241,973,882
0.079235,0.112066,-0.3416,-0.436918,-0.6044,-0.465195,258,264,927,910
0.07975,0.111722,0.29394,0.30128,-0.956408,-0.0196735,246,239,940,905
0.079456,0.111336,0.00901182,-0.239187,-0.96719,-0.831084,255,238,991,892
0.079193,0.111431,-0.230808,-0.28769,0.0831142,-0.624441,251,245,958,911
0.079304,0.110696,-0.326872,-0.360138,-0.813815,-1,250,250,931,941
0.07914,0.110416,-0.263317,-0.351744,-0.306179,-1,251,230,922,792
0.079512,0.110603,0.150546,-0.30455,-0.804818,-0.61029,249,235,966,847
0.078964,0.109695,0.335568,-0.195291,-0.739511,-0.198484,246,249,902,981
0.079659,0.117896,-0.135699,0.00572109,-0.899353,-0.999812,252,240,992,936
0.078581,0.109897,-0.359209,-0.137016,-0.769972,-0.0373722,243,238,855,854
0.078855,0.111079,-0.328353,-0.0433971,-0.999974,6.96436,260,250,931,914
0.078992,0.111143,-0.331546,0.135129,-0.903843,-0.41998,254,240,926,917
0.079246,0.110603,0.306189,-0.30415,0.313496,0.139707,253,246,968,858
0.078952,0.110796,-0.278241,-0.0840853,-1,-0.582549,260,216,956,832
0.07879,0.110905,-0.146178,-0.0268571,-0.832306,-0.362169,247,232,989,858
0.078451,0.110272,-0.157757,0.0361527,-0.99969,-0.992594,253,238,958,948
0.078292,0.110832,-0.102942,1.75128,-0.955025,9.3493,253,226,939,826
0.078774,0.110109,-0.134603,-0.47947,-0.742489,1.65406,250,259,937,920
0.078624,0.110028,-0.0140057,-0.130686,-0.570596,-0.0976845,229,244,835,862
0.078727,0.110138,-0.270012,-0.259877,-1,-0.963753,252,248,943,917
0.078356,0.110104,-0.0710078,-0.195866,-0.581452,-0.607282,255,232,924,858
0.078244,0.109608,-0.247152,-0.121836,-1,-0.56915,256,254,924,938
0.078287,0.108983,-0.19854,-0.453873,-0.422718,-0.993814,251,238,955,824
0.077952,0.110357,-0.259537,-0.182269,-0.0644647,-0.94557,257,239,970,864
0.078081,0.110268,-0.191174,0.164999,-0.999962,-0.895294,251,244,939,912
0.07821,0.109701,-0.196927,1.7412,-0.989778,-1,255,239,944,859
0.078627,0.109718,0.286681,0.47003,-0.664059,-0.999907,237,223,870,875
0.077957,0.110447,-0.377564,-0.181823,-0.673832,-1,256,242,957,879
0.07768,0.109361,-0.152386,0.00998814,-0.830412,-0.999779,240,247,896,895
0.078519,0.110057,-0.13208,0.382203,-0.720243,-0.960069,255,241,1004,908
0.078254,0.109259,-0.0204363,0.136892,0.785772,-0.956237,246,253,991,949
0.077772,0.109488,-0.274345,-0.0186754,-0.612215,-0.644156,261,217,967,883
0.078119,0.109755,-0.0995224,0.0955211,0.106238,-0.996265,250,239,984,861
0.077912,0.110277,-0.328624,0.912868,-0.950533,3.81917,254,246,925,914
0.078254,0.109115,-0.104298,-0.0371151,-0.57885,-0.84227,250,250,943,945
0.078107,0.11562,-0.329758,-0.182727,-0.353088,-0.952519,254,254,938,969
0.078132,0.108699,0.0471796,-0.20714,-0.905326,-0.999962,257,233,923,881
0.078174,0.109373,-0.0927624,-0.263975,-1,-0.998566,255,241,957,893
0.077656,0.11004,-0.296745,0.478452,-0.868666,2.38137,253,230,980,869
