0.056089,0.075088,0.115265,-0.422935,0.130638,1.03918,2776,2819,7928,8069
0.051951,0.064025,-0.305047,-0.443161,-0.549188,-0.646024,2673,2730,7806,7830
0.048012,0.062118,0.225455,-0.467151,-0.904661,-0.681855,2697,2779,7905,8025
0.056588,0.061542,0.514523,0.0393329,-0.533349,-0.599624,2662,2644,8161,7894
0.050117,0.062654,-0.389717,0.383205,-0.337064,-0.415343,2731,2803,7881,8089
0.048795,0.069661,-0.598093,-0.579929,-0.599979,-0.892568,2770,2799,7907,7946
0.049661,0.062103,-0.506158,0.807848,-0.253792,0.815638,2760,2826,7846,7997
0.047905,0.062213,1.2614,0.19359,0.75977,-0.275608,2742,2779,7866,8090
0.05631,0.061705,-0.414392,-0.617667,0.07295,-0.468451,2750,2748,7788,7921
0.048765,0.062842,-0.507124,-0.175161,0.436404,-0.184706,2671,2840,7623,8050
0.050122,0.067834,-0.583996,-0.478535,-0.768178,-0.256079,2768,2729,7798,7977
0.049459,0.061165,4.01338,-0.395042,6.96963,2.24036,2722,2914,7992,8130
0.049989,0.063153,-0.0939397,-0.691407,0.847069,-0.660849,2706,2819,7568,7877
0.05056,0.067329,-0.495619,0.525863,0.0464627,1.03832,2729,2742,8069,8095
0.049139,0.061471,0.253646,-0.345633,-0.218544,-0.127427,2659,2747,7678,8171
0.048585,0.061199,1.55242,0.715638,0.23979,0.431357,2630,2715,7991,8181
0.055863,0.061183,1.9171,-0.5287,-0.578849,-0.0973747,2784,2824,7934,7958
0.050147,0.06027,-0.545673,-0.576984,-0.609404,-0.593965,2762,2805,8146,7927
0.049993,0.068588,1.38394,-0.616228,-0.47105,-0.41685,2681,2787,7907,8071
0.050078,0.061253,-0.408386,-0.518962,1.29469,-0.544565,2719,2840,7940,8153
0.04995,0.060892,-0.41783,-0.276476,-0.590004,-0.126842,2746,2723,7743,7923
0.056322,0.061256,-0.489952,-0.582201,-0.0031839,-0.191746,2648,2825,7851,8051
0.051329,0.063342,-0.484769,-0.212995,-0.764205,-0.339919,2771,2885,7836,8086
0.048298,0.067702,0.259959,0.111099,-0.373881,-0.630086,2539,2848,8057,8103
0.050279,0.061111,-0.639969,-0.523158,-0.792616,-0.630246,2798,2732,7991,8071
0.049556,0.061839,-0.181203,-0.556417,0.194422,-0.540383,2773,2897,8186,8152
0.050426,0.060635,0.33979,-0.220396,-0.105963,0.140267,2713,2812,8017,8146
0.048381,0.064706,-0.0512138,-0.360568,-0.778418,0.248149,2709,2804,7921,8117
0.048952,0.061281,-0.599772,-0.509047,-0.356559,0.098081,2660,2727,7597,7945
0.056399,0.062732,0.161394,-0.595676,-0.462713,-0.590383,2786,2804,7885,7893
0.050865,0.061117,1.0272,-0.688264,1.29165,-0.475246,2687,2794,7825,7909
0.050501,0.069369,0.92076,4.26398,0.449759,4.91751,2657,2842,7867,8119
0.048813,0.060153,3.69273,0.280733,3.20941,-0.839112,2698,2644,7675,7984
0.049463,0.061281,-0.396849,3.46159,-0.559325,6.24954,2783,2696,7961,7926
0.055802,0.060618,3.37048,-0.648266,-0.838647,-0.729101,2761,2833,7990,8029
0.050012,0.061237,0.18509,0.53772,-0.570252,-0.789094,2747,2757,8030,8112
0.050051,0.07051,-0.44341,3.69611,-0.127725,-0.424649,2735,2859,8116,8028
0.050343,0.063228,-0.277095,-0.536459,-0.564286,0.684224,2674,2746,7540,8046
0.049556,0.060606,-0.293586,1.61573,-0.291468,-0.467781,2729,2751,7739,8062
0.056234,0.061098,-0.419407,-0.296478,-0.352145,-0.509623,2794,2819,8116,8064
0.050288,0.062704,4.7343,-0.0295556,0.00259883,0.150722,2680,2750,7979,8117
0.050107,0.069016,-0.330079,-0.309309,-0.474457,-0.625011,2674,2775,7536,8136
0.04956,0.06165,1.76889,-0.11374,0.551048,-0.908161,2695,2805,8066,8038
0.049886,0.062994,0.668733,0.10728,-0.553367,0.264328,2706,2743,7929,8112
0.050024,0.067971,1.80901,-0.488647,-0.770684,0.156557,2716,2830,7848,8093
0.049169,0.06092,-0.699235,-0.354585,-0.217598,-0.333324,2800,2764,7939,7896
0.048727,0.061262,-0.0740703,-0.282057,-0.792982,0.936976,2750,2721,7865,7938
0.056652,0.060678,-0.348014,0.247257,-0.0380973,-0.906702,2669,2721,7743,7837
0.049496,0.062976,-0.596624,-0.599635,-0.823487,-0.299052,2786,2727,7898,7917
0.049791,0.069222,-0.504118,-0.374821,-0.401712,-0.133697,2733,2744,7641,8034
0.049797,0.061408,-0.425526,-0.461423,-0.333027,-0.583308,2747,2776,7818,7892
0.049704,0.060526,0.119521,1.42658,2.28112,-0.93213,2666,2793,7736,8079
0.054436,0.061132,-0.246649,-0.61271,-0.741147,0.0805491,2650,2888,7889,8149
0.049651,0.062097,-0.443102,-0.219278,-0.873865,-0.655153,2740,2748,8191,7906
0.049137,0.068172,-0.171859,-0.512879,0.315193,-0.309449,2704,2435,7842,8177
0.048714,0.062211,-0.474384,-0.613538,0.208689,-0.561059,2596,2868,7456,7876
0.049551,0.06468,-0.632148,-0.566788,-0.817759,0.740095,2815,2802,8117,8009
0.049172,0.063126,-0.591795,-0.338754,0.119468,-0.296744,2768,2773,7791,7900
0.049794,0.06136,-0.534332,-0.567951,-0.475221,-0.737246,2783,2789,7944,7928
0.050171,0.063434,-0.505018,-0.53141,-0.451497,-0.802311,2787,2767,7966,7810
0.056652,0.064308,-0.639505,-0.694909,-0.303458,0.599462,2824,2919,8135,8095
0.050643,0.06238,-0.560973,0.175643,-0.532863,-0.417085,2802,2754,7693,8117
0.049991,0.067487,0.802946,-0.38759,-0.121086,0.419594,2707,2882,8079,8106
0.050277,0.062918,-0.350527,3.72448,0.0581855,-0.161673,2737,2702,8008,8149
0.049093,0.061434,-0.311515,0.869892,-0.820732,1.37334,2658,2784,7780,8114
0.057421,0.060779,0.253924,-0.372106,-0.0570946,0.910454,2728,2696,8092,8152
0.048679,0.062018,0.522667,-0.23992,0.566092,0.0766354,2589,2727,7484,8094
0.049763,0.07042,-0.402516,0.298237,-0.691272,-0.842253,2732,2820,7856,8160
0.050511,0.063905,-0.360357,-0.360637,-0.0704754,1.54648,2751,2774,8001,7898
0.050135,0.062896,-0.00878008,0.10422,-0.432535,0.33345,2682,2829,7780,8113
0.056059,0.062461,0.708266,-0.457705,-0.864988,-0.61663,2793,2827,8142,7943
0.050239,0.062375,-0.606724,-0.443412,0.813471,0.536174,2797,2764,7904,8021
0.049941,0.068742,-0.314356,-0.478405,-0.724542,0.924522,2751,2831,8052,8005
0.049207,0.061734,0.171466,-0.596274,-0.261318,-0.610122,2617,2774,7621,8178
0.05001,0.062223,3.48884,5.01621,-0.572898,-0.30694,2733,2717,8091,7996
0.04979,0.061119,-0.46406,-0.218782,0.180338,-0.630466,2772,2827,7782,8140
0.050298,0.062582,-0.512338,0.208371,-0.780709,0.21528,2784,2783,7991,8086
0.049927,0.061803,4.39669,4.95134,4.87825,-0.482615,2734,2866,8007,8166
0.048699,0.06193,-0.488139,-0.679697,2.12197,-0.707677,2632,2776,7454,8031
0.04937,0.061363,2.74856,1.58878,0.0829934,-0.0357546,2718,2740,7715,8078
0.048222,0.068988,0.297235,-0.446503,-0.721223,-0.707086,2687,2756,7841,8005
0.04964,0.063586,0.986086,-0.240494,-0.513227,-0.282333,2651,2776,7663,8076
0.048269,0.062463,-0.43956,-0.174776,-0.653702,-0.642051,2670,2964,8077,8024
0.05738,0.061521,-0.498888,-0.606722,-0.718996,-0.350326,2803,2803,8024,8113
0.048951,0.061928,-0.596607,-0.307847,-0.146156,-0.601218,2726,2772,7807,8130
0.050894,0.068454,-0.439078,-0.475855,0.589485,-0.460623,2806,2735,7946,7975
0.050756,0.060517,0.758005,-0.279404,0.924894,0.124719,2675,2740,7982,8028
0.050334,0.060741,-0.0571058,0.447334,-0.715673,-0.0839221,2760,2737,8101,8089
0.055367,0.060818,-0.500635,-0.337173,-0.690916,0.355947,2694,2726,7793,8008
0.049822,0.060388,-0.576875,-0.41363,-0.501699,-0.371212,2754,2733,8104,8129
0.049208,0.060608,0.282567,0.0905608,-0.619714,-0.34553,2741,2843,7868,7915
0.049605,0.061928,-0.630437,-0.588545,-0.672741,0.830603,2685,2773,7560,7964
0.050056,0.062753,0.698736,-0.401976,0.192324,-0.0780529,2769,2819,8004,7890
0.049321,0.06877,-0.560794,0.0179168,1.47561,-0.721245,2734,2758,7599,8034
0.050531,0.062788,-0.594928,-0.202207,-0.503381,-0.745422,2786,2790,7843,8075
0.049789,0.061978,0.00314074,5.08182,-0.758867,29.0444,2781,2603,7988,7992
0.054918,0.06098,0.252129,0.673238,-0.589729,-0.744997,2538,2637,7382,7960
0.049062,0.062007,1.38707,0.152758,-0.437251,2.31585,2743,2744,7998,8064
0.049512,0.069594,-0.485184,-0.5535,-0.510763,-0.6017,2775,2761,7926,7863
0.051246,0.060937,0.0739206,-0.50131,-0.239506,-0.354793,2762,2799,8088,8084
