0.129242,0.134476,0.301419,-0.154997,-0.101333,-0.0960233,11210,11256,32651,32762
0.124504,0.126219,-0.230118,-0.418909,-0.378004,-0.0988758,11030,11055,32393,31736
0.128315,0.122521,0.360182,0.927145,0.578335,-0.164757,11120,11156,32080,32330
0.13457,0.120895,-0.359522,0.0161242,0.49698,-0.137076,10994,11109,31449,31670
0.119212,0.130113,-0.641558,-0.263364,-0.373038,0.189804,11193,11014,32265,32749
0.126262,0.120976,0.516985,0.277762,-0.208766,-0.23463,11178,11117,32343,32471
0.124228,0.122847,0.265746,0.0940416,0.885117,-0.0489061,10927,11104,31501,32399
0.119374,0.129977,0.11065,-0.530917,-0.608219,-0.278837,11075,11265,32351,32094
0.12045,0.122466,-0.394187,-0.176569,-0.468411,0.500083,11207,11059,31804,32580
0.130373,0.120121,-0.190136,0.883774,-0.0682446,-0.00636144,11091,11057,32705,32206
0.124435,0.128054,-0.0297362,-0.206097,-0.0213469,-0.32081,11104,10981,32398,32501
0.120081,0.119493,0.336652,-0.475745,-0.0610625,-0.221828,11081,11113,32259,32009
0.132839,0.124878,-0.157389,-0.314161,0.0512664,-0.607319,11180,11347,32110,32483
0.11972,0.132381,0.364512,-0.114228,-0.0659317,0.212832,11093,11147,32372,32755
0.122688,0.127836,-0.434781,1.60144,-0.620792,1.04003,11146,11219,32155,32341
0.130027,0.12281,-0.10367,0.618287,-0.0729857,-0.215504,11079,11025,31645,31638
0.124804,0.129879,-0.148041,-0.290456,0.298759,-0.366192,11199,11015,32462,31749
0.125201,0.127619,-0.381995,0.422326,0.291283,0.596768,11173,10963,32299,32317
0.12312,0.122191,-0.303908,-0.0934494,1.73626,-0.257385,11026,11086,31718,31902
0.130975,0.125419,0.546676,0.0631856,0.0549889,0.192213,11128,11064,32275,31657
0.129544,0.13173,-0.0693639,0.460101,0.0580018,-0.138728,11111,11261,32149,32765
0.125683,0.119276,-0.470065,-0.418639,-0.580278,-0.238686,11279,11059,32621,31553
0.13118,0.117845,-0.138264,0.439605,0.0966997,-0.449576,11027,11049,32226,31402
0.122594,0.133469,0.0572379,1.13467,-0.508937,0.273221,11195,11020,32016,32408
0.125578,0.122365,-0.319528,-0.128159,-0.172887,0.574382,11175,11156,32049,32348
0.130608,0.119785,-0.367472,1.60276,0.155723,1.43775,11155,11045,32149,31919
0.125073,0.128984,0.545257,0.12405,-0.300885,-0.291953,11168,11076,32027,31664
0.122641,0.120938,-0.366628,-0.356911,-0.285993,-0.340564,11045,11115,32702,31585
0.137366,0.121414,-0.451886,0.783875,-0.151907,0.079245,11251,11163,32317,32494
0.131589,0.12211,2.22022,0.0906453,3.41708,0.0669146,11001,10906,32105,32057
0.122898,0.131044,-0.242271,-0.0833031,-0.306181,-0.0238323,11080,11143,31974,31907
0.127639,0.126871,-0.531336,-0.371996,-0.416192,-0.182732,11336,11231,32514,32265
0.127853,0.121863,-0.428089,-0.129178,-0.362672,-0.317699,11252,11040,32720,31974
0.124352,0.128993,1.48283,-0.286628,0.770584,-0.0704724,11027,11019,31698,31725
0.121331,0.125352,-0.43866,0.190508,0.70885,0.527537,11239,11095,32380,32283
0.13378,0.122471,0.586736,-0.00508932,0.703139,-0.438105,11138,11194,31704,32416
0.120338,0.134308,1.46547,-0.0723888,0.368145,-0.039134,11012,11173,32318,32100
0.120654,0.122919,0.243536,-0.266088,-0.0396858,-0.298547,11185,11062,32398,31990
0.130528,0.122554,-0.0373779,0.0453256,-0.381772,-0.388295,11158,10998,32439,32574
0.128875,0.1226,0.108156,-0.0254631,0.0715912,0.026218,11062,11081,32413,31685
0.121941,0.127186,0.0972775,0.0142805,-0.478801,-0.678748,11199,11217,32287,32364
0.119843,0.122311,-0.121694,0.0462399,0.0609872,0.0868274,10953,11145,32256,32078
0.127289,0.127391,0.000739753,2.31573,-0.339311,2.97802,11153,10948,32559,31870
0.122902,0.129214,-0.23884,0.537159,-0.444502,0.0106334,11210,11006,32707,31283
0.119325,0.124293,-0.506056,-0.110211,-0.514529,-0.531801,11113,11107,31806,31995
0.126575,0.123247,-0.445626,-0.39607,0.0550842,-0.19867,10979,11029,31438,31961
0.122047,0.131551,-0.166597,0.00704313,0.0152034,0.200478,11039,11131,31718,32258
0.1236,0.120627,0.0579403,0.496497,0.461523,-0.234927,10885,11178,32358,32293
0.132914,0.120904,-0.319781,0.545426,-0.180163,-0.222326,11127,11066,32003,32010
0.121529,0.131755,-0.0238091,-0.383752,0.411198,0.0152596,11173,11291,31785,32640
0.123731,0.123962,-0.422605,0.782516,-0.288521,0.963285,11129,11113,32035,31998
0.126361,0.124805,-0.153803,-0.228484,-0.134141,-0.379425,10888,11309,31546,32625
0.12409,0.127914,-0.316237,0.127452,-0.100482,-0.24548,11164,11193,32192,32229
0.119589,0.125179,-0.182094,-0.600892,-0.435893,-0.371089,11044,11255,31786,32382
0.126491,0.121271,0.539235,-0.212556,-0.0295412,-0.609002,11083,11122,31707,31898
0.133482,0.122284,0.0889846,-0.508639,0.645247,-0.361881,11161,11168,32313,32295
0.121866,0.12937,-0.248332,0.141239,-0.268397,0.0901643,11161,11169,32390,32613
0.12416,0.123955,-0.316775,-0.0335767,-0.491748,0.068989,11213,10934,32600,31865
0.131017,0.123388,-0.357363,1.27222,-0.188607,1.67604,11211,11085,32374,32316
0.124948,0.131581,-0.380369,-0.0821064,-0.515436,0.0271472,11194,10979,32768,32760
0.121746,0.123072,-0.256412,0.461137,-0.453873,0.0648432,11330,11018,32217,31942
0.135487,0.124308,0.0587756,-0.247559,-0.340589,-0.332244,11198,11006,32329,32224
0.123841,0.130758,-0.124557,-0.304847,-0.473094,-0.517751,10884,11185,32593,31825
0.12137,0.121427,-0.140741,-0.2086,0.347407,0.0568966,11033,11077,32070,32026
0.130001,0.124883,-0.414764,0.365164,-0.144716,0.0254971,11154,10867,32075,31619
0.131641,0.12437,-0.0580515,-0.452708,0.256614,-0.54376,10813,11277,32165,32409
0.121898,0.131183,1.16009,-0.437753,0.0665734,0.486998,10964,11050,32290,31780
0.123075,0.128507,0.3862,-0.246884,0.59184,0.0542822,11111,10855,32136,32589
0.128887,0.12022,-0.507515,-0.431867,-0.326987,-0.2769,11181,11264,32230,31963
0.122109,0.128516,-0.408755,-0.23486,-0.0583991,-0.708946,11189,11061,32322,32660
0.123641,0.128032,-0.361521,-0.360559,0.7175,0.276933,11161,11188,32504,32690
0.129861,0.125183,0.280145,0.194644,-0.549201,0.414234,11073,11191,32272,32675
0.124071,0.129247,1.12352,-0.228662,-0.0463073,-0.383261,11131,10973,32341,32008
0.122211,0.126177,-0.508276,0.722105,-0.219676,0.467419,11285,11101,32378,32095
0.131882,0.125834,0.960937,0.180285,-0.391162,0.664693,11132,11091,32678,32550
0.125278,0.129056,-0.323937,-0.486724,0.0855429,-0.428212,11190,11260,32578,32080
0.125532,0.13152,0.644778,-0.505432,0.417715,0.0175564,11152,11262,32481,32641
0.122443,0.120155,-0.294095,-0.0620057,-0.398423,0.286584,11024,11053,32122,31263
0.129802,0.121991,0.606163,0.775241,0.101422,-0.46439,11200,11055,32169,32580
0.123895,0.128774,0.215668,-0.242813,-0.306041,-0.273311,11146,11138,32257,32601
0.121532,0.12636,0.0982817,0.125059,0.813684,0.779396,11112,10780,32327,32666
0.128518,0.122471,-0.202255,-0.0529933,-0.0441185,-0.000118284,11031,11053,32277,32417
0.121799,0.138399,-0.449959,0.200889,-0.47935,-0.0251442,11003,10736,32400,32307
0.121536,0.12335,-0.211366,0.00245127,-0.601645,-0.583172,11187,11013,31846,32682
0.1301,0.123997,0.441921,2.13236,-0.327958,1.40345,11033,11083,32153,32335
0.121844,0.133404,2.03307,0.0168123,3.18785,-0.513206,11010,11147,32444,32128
0.122826,0.12387,0.117107,0.105323,-0.385647,-0.247447,11124,11189,31768,32357
0.131181,0.122352,-0.472753,-0.287204,-0.577635,-0.304939,11119,11112,31666,32055
0.132304,0.126065,-0.0337204,-0.199473,0.586283,-0.295948,11107,11109,32448,32737
0.123595,0.127465,-0.144934,-0.333818,-0.272651,-0.253946,11079,10999,32064,31346
0.123845,0.122803,-0.0868968,0.058113,0.363286,0.0412049,10960,11142,31682,32442
0.134614,0.12935,0.33569,-0.173766,0.457913,0.4667,11012,11253,31650,32159
0.122317,0.132398,0.14376,-0.163082,-0.0999247,-0.487346,11042,11129,32170,32701
0.124407,0.123532,1.06387,0.418645,0.205908,-0.17367,11059,11104,31820,32337
0.134975,0.122672,1.67809,-0.0588111,0.683732,-0.214171,11156,11151,32654,32225
0.121738,0.132583,-0.412969,-0.138685,0.0610762,-0.277095,11100,11079,32233,32659
0.122895,0.122534,0.0184635,-0.220195,0.0599178,-0.188254,11196,11144,32449,32167
0.130498,0.12249,-0.331079,-0.267289,-0.00493421,-0.166634,10945,11190,31419,32510
0.121282,0.128427,-0.347169,0.421084,-0.415294,0.808992,11183,11129,32619,32334
0.12505,0.131846,0.0313824,0.9938,-0.227301,1.01614,11112,11130,32115,32050
