0.081724,0.101466,-0.595511,0.948409,-0.487667,2.12649,5484,5533,15839,16164
0.079857,0.088859,0.906661,0.372405,18.6809,1.13345,5455,5575,16034,16035
0.077086,0.093862,-0.606935,0.498871,-0.377979,-0.124797,5556,5544,15984,16222
0.081991,0.088948,-0.189479,-0.611933,0.53927,-0.287424,5593,5636,15876,16136
0.077169,0.086017,-0.133757,0.664095,2.13867,0.828267,5534,5503,15977,15935
0.079395,0.088969,-0.318706,0.251837,-0.361009,-0.292075,5559,5599,16313,16195
0.079748,0.086021,-0.241013,-0.25991,0.00187544,0.0865038,5505,5598,15866,15825
0.084452,0.087007,2.60309,0.281943,0.305889,0.892793,5379,5398,15993,15854
0.077787,0.087967,-0.503897,-0.184153,0.155799,-0.114363,5515,5523,15976,16036
0.085233,0.088689,-0.153523,-0.458372,-0.405906,0.493555,5513,5559,15650,15776
0.079346,0.088993,-0.0354775,-0.425673,0.248084,-0.0172558,5468,5643,15739,16268
0.084517,0.086252,-0.0561066,-0.427064,0.683462,0.120565,5554,5649,16142,16273
0.080375,0.086673,-0.526444,-0.494781,-0.320491,-0.590252,5497,5484,15772,16217
0.08555,0.086293,-0.148004,0.199204,0.493154,-0.69448,5419,5525,16027,16235
0.07897,0.087012,-0.107681,-0.402038,0.165821,0.0816454,5517,5532,15893,15817
0.086969,0.084801,-0.251621,1.81504,-0.0723474,-0.609503,5540,5526,16063,15977
0.078642,0.086508,-0.495656,-0.172542,-0.299635,-0.755924,5496,5488,15682,15883
0.086057,0.085768,-0.334831,-0.317137,-0.0878397,-0.54754,5476,5468,15836,15652
0.078853,0.088072,2.47709,-0.173119,4.48122,-0.216298,5584,5489,15997,16197
0.087782,0.086734,-0.41894,0.804864,0.105857,-0.086888,5479,5524,15872,16171
0.079298,0.084985,2.08534,-0.194747,1.83744,0.504641,5404,5501,15965,16192
0.078857,0.084238,-0.100928,-0.291286,-0.149234,-0.233712,5478,5489,15479,15974
0.076048,0.07724,-0.578911,-0.483435,-0.389321,-0.380584,5476,5498,15633,15686
0.080561,0.084289,0.0490238,-0.263683,-0.353773,0.206165,5447,5438,15827,15979
0.076596,0.077884,0.827654,-0.533426,0.428002,0.130427,5548,5645,16349,16221
0.080011,0.085371,0.40262,0.497407,0.908137,0.466459,5596,5571,16280,16283
0.077824,0.08085,0.00836063,1.38064,0.858547,-0.0620019,5556,5793,16285,16189
0.079572,0.078159,-0.0576697,-0.648408,-0.251269,-0.520295,5508,5862,15863,16222
0.08593,0.078925,-0.570775,-0.572152,-0.757567,-0.505712,5648,5553,15952,16257
0.077608,0.077731,0.562145,-0.447213,-0.294019,-0.225549,5417,5523,15562,15846
0.084012,0.078357,-0.321059,-0.599434,-0.182863,-0.461839,5545,5570,16262,15870
0.078455,0.077293,-0.424564,-0.204927,-0.504647,0.28628,5567,5712,15912,16205
0.086481,0.080284,1.99632,0.753146,0.529941,-0.203864,5470,5669,16289,16300
0.078295,0.082047,0.634316,-0.500526,0.724175,-0.275365,5446,5549,15902,16048
0.07766,0.086162,-0.23374,-0.440964,-0.608658,-0.167682,5553,5519,16142,15907
0.079132,0.078108,-0.312281,-0.457596,0.834712,-0.559089,5373,5519,15407,15997
0.079952,0.087832,-0.386161,-0.0148764,-0.516245,-0.552725,5540,5569,15901,16023
0.079032,0.07761,0.128921,0.484377,-0.0507952,0.680807,5473,5678,15612,16208
0.080703,0.085628,0.503632,1.79972,0.859697,2.04666,5589,5433,16378,15868
0.077317,0.077147,0.828327,-0.130405,0.754955,-0.581908,5574,5764,16201,16339
0.078782,0.080121,-0.159038,-0.426695,0.0618753,-0.328069,5509,5629,15864,15997
0.084203,0.080207,0.187137,0.897113,-0.345958,0.932619,5613,5406,16201,15926
0.079451,0.076983,-0.330448,-0.343628,0.0362218,-0.405201,5480,5607,15715,16383
0.085935,0.081007,2.03437,-0.19398,0.714397,0.461766,5462,5426,16259,16267
0.076834,0.075373,-0.336764,-0.378055,-0.59663,-0.369627,5560,5550,15881,16165
0.086148,0.078366,-0.326464,-0.146141,-0.520097,-0.695383,5562,5490,16359,16311
0.07769,0.078964,-0.497385,-0.56427,-0.426221,-0.315995,5491,5607,15705,15996
0.078938,0.085438,-0.494811,1.40939,-0.168098,0.821793,5558,5468,15899,15975
0.077518,0.077705,0.491573,-0.167464,-0.307753,-0.648229,5592,5541,16234,16098
0.078529,0.085369,-0.53844,0.508975,0.191469,0.346283,5600,5519,16101,15893
0.080187,0.078349,-0.240824,1.71599,0.546773,-0.269408,5449,5504,15571,15629
0.079049,0.089279,-0.337117,-0.558053,0.573966,-0.209659,5520,5817,16328,16346
0.077324,0.078578,-0.42757,-0.519906,-0.245661,-0.467643,5496,5599,15751,16315
0.082347,0.078009,1.39143,-0.517667,3.38013,0.110996,5461,5583,16126,16064
0.084681,0.076214,0.0615221,-0.614894,0.538047,-0.363364,5517,5558,15830,15723
0.075195,0.073653,0.452244,-0.532509,2.11598,-0.564859,5393,5557,15907,15852
0.081122,0.076241,1.62876,0.630231,3.8839,-0.0267361,5535,5552,15820,16326
0.072085,0.073868,0.150207,-0.626285,-0.175954,-0.616894,5492,5753,16056,16367
0.073697,0.085379,-0.448628,0.0906341,-0.457968,-0.125301,5602,5628,16041,15959
0.074103,0.07404,0.416244,0.367815,0.160074,-0.131033,5530,5490,15882,16210
0.073939,0.084117,-0.0113963,-0.338717,-0.362706,0.622202,5337,5609,16367,15981
0.076326,0.075325,-0.131331,-0.375206,0.535627,-0.465373,5469,5507,16010,15835
0.078224,0.076979,-0.0565316,-0.363146,0.699682,0.263083,5519,5460,15933,15970
0.082512,0.077553,0.725074,-0.498569,-0.0902601,-0.397822,5399,5509,15744,16364
0.072588,0.075837,-0.346149,-0.346954,-0.14307,-0.404392,5437,5455,15943,15770
0.084269,0.074673,-0.323631,-0.552021,-0.432509,-0.106778,5531,5594,16017,15838
0.073683,0.07535,-0.391339,-0.475585,0.265609,1.5843,5426,5586,15844,16042
0.073832,0.079208,-0.0416792,-0.505679,-0.30782,-0.0816322,5464,5649,15992,16025
0.07498,0.074089,0.465574,-0.264959,-0.277575,-0.189716,5505,5452,16339,15762
0.072082,0.078898,-0.566224,-0.0361552,-0.216144,-0.607353,5463,5447,15742,16257
0.07133,0.075698,-0.574385,0.159573,-0.373164,-0.297323,5514,5711,16049,16186
0.074011,0.072116,2.69518,-0.2818,1.98008,1.47095,5483,5556,16207,15984
0.076817,0.07581,-0.414727,-0.23551,-0.11941,1.19461,5318,5578,15569,16365
0.070915,0.071831,-0.562423,-0.156905,-0.727847,0.0152103,5518,5456,15764,15794
0.072709,0.079572,-0.468538,-0.556273,-0.753351,-0.323884,5592,5606,16137,15858
0.074197,0.072279,-0.468265,-0.282438,-0.697917,-0.461154,5602,5587,16358,16312
0.076265,0.082172,-0.160921,-0.402334,0.194462,0.0592775,5496,5510,15950,16234
0.074058,0.072176,1.90057,0.104645,-0.508209,-0.678152,5518,5461,16148,15653
0.073102,0.073651,0.875266,1.36936,-0.454879,0.0286859,5476,5580,16357,15753
0.082113,0.076411,-0.428076,-0.2678,-0.303533,-0.22368,5598,5538,16168,15880
0.078388,0.080086,-0.379658,-0.495059,0.384126,-0.112879,5498,5563,16073,15933
0.085455,0.079638,-0.531067,-0.380288,0.0532758,-0.183016,5506,5559,15722,16254
0.081871,0.081274,-0.354422,-0.42165,-0.337167,-0.544446,5491,5432,15875,15683
0.081166,0.08765,-0.265959,-0.483275,-0.355767,-0.695631,5442,5553,15370,16066
0.078527,0.079734,-0.288438,-0.392988,-0.5091,-0.564875,5602,5446,15785,15831
0.077922,0.0884,0.751956,-0.314126,0.0567749,0.461701,5342,5526,15908,15962
0.078705,0.080979,-0.42838,0.234949,-0.628121,0.4944,5542,5551,15852,15926
0.080038,0.087916,0.0719631,-0.526248,-0.297855,-0.195767,5553,5526,15875,16097
0.077801,0.080026,-0.49474,-0.405672,-0.345546,-0.686321,5467,5632,15561,16147
0.076929,0.088721,-0.605124,-0.379311,-0.50731,0.450977,5499,5597,15775,16300
0.080643,0.079183,0.273911,-0.268995,0.468786,-0.124178,5519,5622,15995,15870
0.080873,0.080123,0.489122,-0.438304,1.3801,-0.548507,5431,5560,15877,16127
0.087241,0.078624,0.366351,-0.174075,-0.333881,-0.404465,5555,5581,16339,16109
0.079876,0.078687,-0.413714,-0.4608,-0.0075042,-0.200692,5536,5575,15970,15950
0.086821,0.077544,0.34017,0.533133,-0.163355,-0.552826,5498,5570,16199,16279
0.078731,0.08045,0.314972,-0.521899,-0.209978,-0.339943,5472,5543,15609,15776
0.087276,0.078246,-0.440136,0.112721,0.695976,-0.589154,5647,5602,16163,16063
0.081078,0.082184,-0.605044,-0.152936,-0.601359,0.0817593,5486,5528,15837,15936
0.080325,0.080221,-0.148036,-0.464113,-0.106055,0.037521,5430,5594,15832,16200
0.078746,0.079533,-0.201002,0.10002,0.7978,0.510933,5489,5618,16375,16086
