8.62055,7.57573,0.0499281,-0.0519442,0.109218,-0.0774028,12421,12421,32612,32563
8.5042,7.33729,0.0235635,0.012952,0.177433,0.0477685,12389,12426,32532,32615
8.73757,7.21298,0.0194951,0.00690115,-0.0888088,0.137516,12405,12428,32412,32422
8.83361,7.56949,0.101422,-0.024917,0.0674974,-0.0480148,12430,12392,32527,32441
8.21015,8.06747,-0.0542588,0.0296332,-0.0679828,-0.0616014,12387,12426,32369,32550
8.55663,7.94296,0.0117016,0.0391046,0.00309433,-0.0469301,12426,12404,32472,32572
8.57813,7.91521,-0.00428911,0.0708935,-0.0129882,0.0693457,12411,12390,32559,32572
8.62424,7.62535,0.0546951,0.0372391,0.252857,0.0121891,12429,12418,32560,32587
8.50651,7.405,0.024064,-0.112801,0.1442,-0.189917,12422,12422,32601,32334
9.08673,7.73018,0.0122876,0.0625936,0.188768,0.123679,12380,12416,32391,32540
8.45383,7.3546,-0.112165,-0.00515188,-0.173042,-0.0530727,12406,12369,32552,32476
8.84837,7.8559,-0.0103506,0.0158335,0.0140885,0.104047,12430,12392,32683,32412
8.61476,7.58977,0.0301782,-0.045815,0.0391864,0.0274238,12430,12408,32510,32720
8.19574,7.60128,-0.0728293,-0.0581511,0.0267272,-0.119081,12357,12381,32411,32428
8.34959,7.36669,-0.060954,-0.0598334,-0.0131998,0.0513529,12429,12388,32526,32498
7.83077,7.83041,-0.0257252,0.00978661,0.0256583,-0.0429079,12414,12388,32739,32577
8.37905,8.13692,-0.0531104,-0.0586065,-0.11091,0.0384868,12406,12426,32323,32469
8.786,7.71105,0.000927299,0.0895072,0.147812,0.241117,12425,12389,32675,32324
7.96785,8.28641,-0.0826538,0.0111775,-0.202721,0.0114437,12366,12426,32552,32573
8.39569,7.37057,-0.00313991,0.0282033,-0.0807487,0.0497631,12378,12424,32350,32387
8.54393,7.85511,0.0386392,-0.0484562,-0.027005,0.0368187,12358,12430,32437,32508
8.83574,7.78066,-0.0586304,-0.0791754,0.035197,-0.163249,12399,12408,32415,32520
8.4484,7.56342,0.0101022,0.00120785,0.0853849,0.0960877,12427,12403,32653,32528
8.89165,7.50701,-0.0329673,-0.0177938,0.028737,-0.00508349,12422,12417,32497,32712
7.95312,7.59813,-0.00483639,-0.0101068,-0.0977463,0.17604,12393,12351,32409,32361
9.17337,8.13565,0.0336003,0.0614667,0.202531,0.0238078,12369,12386,32741,32233
8.72621,7.69799,-0.0484348,-0.0491924,-0.152936,-0.121279,12422,12400,32434,32354
8.46281,7.88741,0.0144912,0.0119953,-0.0236036,-0.011161,12427,12375,32476,32487
8.37337,7.68625,-0.0186917,0.0127257,0.0841795,0.000966431,12404,12366,32525,32382
8.3312,7.33578,-0.0482518,0.0295536,-0.144293,-0.114139,12381,12422,32576,32480
7.97588,8.07968,-0.0146984,0.0226383,-0.0617679,0.00944172,12410,12364,32432,32404
8.77519,7.63394,0.0287956,-0.0130422,0.0883338,-0.0113008,12402,12416,32666,32543
8.07132,7.72284,0.104354,0.176283,0.124426,0.137415,12379,12431,32727,32595
8.00875,7.50509,-0.0449625,0.0273398,-0.0924189,0.0823564,12403,12426,32414,32726
8.11159,7.12802,0.0426148,-0.0761711,-0.0617372,0.019225,12376,12390,32448,32337
8.16869,7.69032,0.0847535,-0.0568393,0.182376,-0.0845828,12431,12428,32608,32279
8.13002,7.31686,-0.11017,0.0300919,-0.138237,0.0956013,12428,12398,32527,32408
7.62226,7.75764,0.00731306,0.0735439,0.00629734,0.232137,12426,12425,32664,32558
8.11121,7.20632,0.0412189,-0.0155529,0.0567519,-0.0238704,12390,12412,32294,32503
8.22742,7.2898,0.0763147,0.134324,0.13427,0.0446001,12421,12407,32525,32481
8.2411,8.22955,-0.0366435,0.00991199,-0.0249792,0.00114173,12413,12426,32612,32523
7.90098,7.82895,0.0514547,-0.0540233,0.18165,-0.123861,12421,12407,32471,32428
8.02207,7.64074,-0.0973266,-0.0205122,-0.141006,0.0578301,12414,12431,32677,32577
8.0114,7.44279,-0.0475001,-0.0598453,-0.106342,0.0561704,12410,12420,32491,32690
8.11353,7.06966,-0.126082,-0.0865241,-0.0482203,-0.106762,12380,12420,32508,32502
8.0281,7.71202,-0.000716625,0.0176938,-0.0309953,0.189314,12363,12413,32637,32530
8.04867,7.27436,-0.0625668,-0.0652185,-0.101252,-0.123741,12426,12428,32538,32591
8.36033,7.57862,0.00348907,0.0277587,0.00332078,0.0708933,12422,12402,32655,32353
7.89438,7.18524,-0.0331939,-0.0401275,-0.000292567,-0.104927,12388,12431,32483,32493
8.12601,8.20932,-0.0562056,0.14134,-0.0428052,0.37451,12425,12367,32521,32712
7.72257,7.41204,-0.0369228,-0.0452313,-0.0523017,-0.127987,12427,12400,32547,32497
8.05721,7.78961,0.046981,-0.0187343,0.05463,-0.0898926,12428,12419,32576,32588
8.50701,7.51264,-0.0316937,0.0154216,0.00538966,-0.0613167,12427,12429,32477,32456
8.23478,7.90946,-0.0104002,0.00524728,0.017544,0.0148727,12401,12417,32624,32629
8.33634,7.79017,0.015547,0.0931571,-0.150436,0.36753,12422,12365,32538,32319
8.09608,7.91097,0.0881217,0.0768465,0.039616,0.212433,12377,12385,32382,32349
7.53349,7.81668,-0.0567393,-0.0403332,-0.190266,0.00541134,12397,12400,32374,32561
7.6937,7.55312,-0.0200879,0.0355024,-0.188118,0.0202287,12410,12419,32447,32533
7.74152,7.24587,-0.0360765,0.0637262,-0.131643,0.197633,12412,12373,32587,32492
8.38253,7.74537,0.114736,0.215593,0.341381,0.422943,12405,12413,32579,32666
8.26039,7.67081,0.00972429,-0.0789993,-0.0595857,-0.188308,12400,12398,32730,32571
8.47532,7.81519,0.0341149,0.0331481,0.0699883,0.250731,12396,12427,32563,32341
8.26059,7.16737,0.0133933,0.00344723,0.133912,-0.029031,12420,12431,32261,32568
8.5458,7.49585,0.0472668,0.0640411,0.228497,0.0397165,12358,12386,32600,32394
8.14553,7.79312,0.156892,-0.00477869,0.123077,0.173163,12404,12388,32677,32422
7.84006,7.60457,-0.120351,0.0645358,-0.162765,0.0395639,12424,12380,32522,32441
7.48483,8.0363,-0.118737,0.0530547,-0.150549,-0.0286542,12428,12424,32533,32507
8.23724,7.81322,0.0121458,0.186239,0.0506178,0.116752,12422,12404,32458,32638
8.48382,7.63248,-0.0438553,0.0819087,-0.0183302,0.164246,12414,12430,32373,32570
8.73262,7.98983,-0.0458715,0.0860306,-0.107298,0.208441,12431,12428,32623,32672
8.51675,7.11792,-0.0379805,-0.0710513,0.178043,-0.0546841,12411,12395,32603,32241
8.68326,8.1258,-0.0190337,0.0853142,0.0452399,0.294237,12420,12396,32620,32600
8.36964,7.69064,-0.0616843,-0.0321995,-0.138748,-0.107587,12419,12420,32358,32535
8.04709,7.95664,-0.159641,0.0290297,-0.294672,0.0699799,12419,12402,32524,32640
7.93546,7.55607,-0.0907549,0.0645582,-0.0452076,0.0818205,12418,12417,32449,32634
8.32766,7.85409,-0.0262205,0.0636271,0.0436239,0.0564462,12385,12404,32346,32603
8.58406,7.27142,0.0171384,0.0278878,0.0331419,0.0860759,12428,12407,32519,32537
8.23451,7.85921,0.0369253,-0.0363922,0.0626254,-0.0935279,12391,12400,32557,32632
7.95002,7.68159,0.026718,0.00588741,-0.052945,0.00811244,12399,12396,32511,32569
8.40292,8.07414,0.0525946,0.0360032,0.166624,0.194722,12428,12397,32561,32695
8.04296,7.15568,-0.0278051,0.0153335,-0.162623,-0.133654,12402,12429,32327,32585
8.6658,7.56508,0.0999538,0.0148052,0.265306,0.112046,12411,12422,32480,32585
8.67481,7.42297,-0.0354767,0.0105228,0.0144027,0.0680296,12424,12351,32366,32712
8.18992,7.23745,-0.077184,0.0084584,-0.105853,-0.0566403,12428,12429,32487,32407
7.55495,8.24058,-0.0741867,0.129399,-0.115814,0.13454,12385,12408,32458,32708
7.91937,7.13179,-0.101434,-0.0500999,-0.197175,-0.0418421,12397,12395,32505,32301
7.85919,7.19008,-0.00161211,0.0496976,0.0142129,0.0229342,12395,12378,32396,32664
8.13297,7.08997,0.0109885,-0.0432138,0.0379757,0.0273359,12409,12430,32459,32641
8.3891,7.21704,0.0422967,0.010868,0.0227903,-0.00390101,12425,12404,32497,32698
8.00744,7.09551,0.0340183,-0.0189509,0.274046,-0.108932,12408,12428,32342,32614
7.91141,7.82436,-0.017011,-0.0688685,-0.0710991,-0.129872,12428,12417,32532,32490
8.18436,7.46921,0.0287724,-0.083997,-0.0493653,-0.209844,12411,12405,32662,32617
8.38594,7.50436,-0.000485328,0.0246888,0.0193729,0.029145,12419,12429,32536,32568
8.08859,7.61655,0.0992556,-0.0914794,0.127605,-0.182842,12428,12427,32509,32510
8.02539,6.84411,0.0335874,0.0172859,0.046306,0.0765256,12387,12423,32475,32516
8.43169,7.27412,-0.00288866,-0.0446271,-0.0291472,-0.0693969,12402,12403,32589,32349
8.25478,7.62109,0.0122238,0.0745972,0.150673,0.303305,12385,12357,32386,32656
8.38028,7.43127,-0.0830639,0.0361196,0.0238604,0.196961,12422,12409,32431,32690
8.75423,7.50257,-0.0159801,0.0421641,-0.0135109,0.0839316,12398,12409,32474,32720
7.90755,7.39868,-0.0642011,-0.0662521,-0.133276,-0.170105,12382,12428,32429,32588
