0.748338,0.871684,-0.0823065,1.52451,0.726682,-0.13999,371,366,1017,1012
0.755601,0.88317,-0.237053,-0.28946,-0.882046,-0.878567,377,376,995,988
0.758156,1.0986,-0.104082,-0.411172,-0.709747,-0.87818,375,379,972,973
0.753428,0.931459,-0.00558224,-0.296139,-0.78543,-0.651966,374,382,975,1007
0.733293,0.904268,-0.158175,-0.320569,-0.592979,-0.885803,378,380,989,1011
0.741308,0.877868,-0.412535,0.301472,-0.58074,0.832729,375,383,982,996
0.740076,0.878727,-0.108928,-0.257653,-0.375927,0.818773,376,373,964,968
0.748023,0.946529,-0.0914868,0.352306,-0.531972,0.398955,376,377,976,980
0.742448,0.896213,0.323098,0.39176,1.86079,-0.435774,368,370,958,998
0.748749,0.879037,-0.171831,0.217344,-0.380721,0.253396,378,371,987,1014
0.738657,0.961931,-0.311154,-0.226328,-0.40723,-0.893611,369,376,1005,990
0.731805,0.912806,0.283517,-0.0347613,-0.774616,-0.332867,368,383,943,1004
0.73642,0.924938,-0.0915109,0.0359472,-0.705382,-0.843603,373,380,979,1010
0.741168,0.869805,-0.408252,-0.0362378,1.56505,1.5673,369,376,995,992
0.736657,0.892726,-0.367585,-0.272951,-0.54606,-0.426987,372,386,968,976
0.740819,0.913258,-0.0137474,-0.0681724,-0.800199,-0.612669,361,384,965,977
0.751856,0.886088,-0.0757793,0.067227,-0.913403,-0.904839,372,384,968,1014
0.76102,0.903386,-0.0454326,0.0908589,0.927452,0.132443,368,378,970,999
0.728962,0.900023,0.374509,0.104306,-0.54069,-0.816505,375,378,972,984
0.750231,0.935375,-0.225723,0.456143,-0.665699,-0.376177,376,370,976,988
0.737158,0.935701,-0.164059,1.49722,0.538103,9.26106,373,370,953,984
0.73941,0.902119,0.215398,0.205521,-0.756241,0.109773,365,380,932,1009
0.740584,0.894871,-0.242933,0.00359526,-0.515922,-0.86331,372,374,990,1002
0.743107,0.892812,-0.444057,0.353012,-0.680024,4.62919,370,370,967,1008
0.746304,0.874096,-0.0637278,0.0213272,-0.313106,-0.714297,375,376,986,993
0.742611,0.900234,0.00840365,0.401582,0.209278,-0.327856,374,365,1010,1002
0.747344,0.931307,0.115514,0.683368,-0.540443,-0.719184,378,377,991,983
0.75236,0.893372,-0.300755,-0.409694,-0.603975,-0.753009,372,381,998,999
0.7417,0.888292,-0.322501,0.164233,-0.997744,-0.614642,375,376,959,990
0.755626,0.897843,-0.50063,-0.0372551,-0.187029,-0.470757,374,370,997,1008
0.740191,0.884776,-0.323438,0.268126,-0.619632,-0.834525,364,375,986,993
0.737304,0.916263,-0.110146,-0.239708,-0.887514,-0.475189,376,378,994,985
0.745163,0.905306,0.08527,-0.438605,0.767131,-0.856218,377,376,1022,987
0.746407,0.883742,-0.361432,0.211676,4.20746,-0.452654,371,382,994,1005
0.744701,0.903751,-0.202046,-0.163947,-0.743892,0.83217,378,365,991,992
0.744671,0.898208,-0.0345329,-0.460829,1.05933,-0.93711,378,372,981,1001
0.756523,0.880775,0.32973,0.0635443,-0.409501,-0.571007,368,381,1002,1002
0.746332,0.906006,-0.087361,0.485701,-0.717429,-0.0901172,374,376,1019,990
0.754376,0.870201,-0.0991874,-0.205963,-0.681838,-0.752408,375,383,984,979
0.750802,0.919677,-0.107576,0.94129,-0.563642,-0.0269519,377,378,973,1007
0.741233,0.922039,-0.385664,0.00292176,-0.664187,-0.877056,374,375,961,991
0.748743,0.946272,0.262627,-0.232945,-0.477406,-0.926583,367,386,1003,990
0.737804,0.88744,0.0495369,0.300843,0.166922,1.07501,378,369,991,996
0.744782,0.927208,0.338493,-0.11848,0.0396787,0.0805708,372,379,981,987
0.730254,0.889142,-0.304268,-0.274752,-0.637904,0.23499,377,369,963,979
0.738634,0.917247,0.0375846,-0.177931,-0.97849,-0.777996,377,386,1006,997
0.736721,0.900062,-0.104166,0.319817,-0.757891,0.260745,368,375,999,985
0.752061,0.896403,0.308353,-0.00668045,-0.444296,0.524465,377,362,1010,993
0.743302,0.906214,-0.355209,0.878457,-0.92123,1.25233,371,377,960,996
0.74312,0.876063,0.170449,-0.150544,-0.963978,-0.348791,369,383,976,999
0.747705,0.936286,-0.321104,-0.0257721,0.00624415,2.67158,373,375,952,994
0.737394,0.896281,-0.174712,0.0483767,1.51764,1.81664,369,381,959,1001
0.743973,0.894853,-0.349392,0.229797,-0.94479,-0.147962,369,374,941,977
0.737447,0.900536,0.216692,-0.10904,0.197006,-0.791679,372,386,991,984
0.74073,0.904241,-0.126261,0.153851,-0.901454,-0.499279,373,366,951,979
0.742782,0.877429,0.11946,0.238307,-0.91625,-0.330208,375,369,977,970
0.735794,0.908142,-0.152777,-0.158254,-0.979708,1.56583,373,371,966,987
0.748358,0.875099,-0.0532525,-0.443572,-0.925659,-0.969255,373,383,981,989
0.752115,0.904102,0.216147,-0.335845,0.972336,0.152728,374,388,990,1000
0.744099,0.89588,-0.0559669,0.366182,-0.493672,-0.667178,373,384,956,978
0.740678,0.896337,-0.0700044,-0.128952,0.593641,-0.90519,377,383,973,992
0.760511,0.883671,0.146049,-0.35355,-0.520993,-0.748527,377,395,983,1002
0.747281,0.915785,0.070414,-0.353132,-0.630441,-0.770771,373,364,978,989
0.754321,0.900315,-0.0642187,-0.169944,-0.456453,-0.666797,378,383,982,988
0.729423,0.932233,-0.458736,-0.149843,4.29733,-0.890783,376,368,971,999
0.745219,0.898155,0.0636743,0.67228,-0.514647,-0.165118,378,374,1006,996
0.759543,0.891678,0.688078,-0.411986,-0.733763,-0.976919,369,386,950,1015
0.738233,0.896954,-0.421401,0.0406799,-0.817273,-0.679455,372,376,962,993
0.73569,0.875137,-0.412987,0.405274,-0.754308,-0.886521,375,367,982,1021
0.742615,0.928641,-0.144151,-0.0220112,-0.789976,0.600092,378,390,981,1006
0.756821,0.919003,1.11648,0.196709,0.581756,-0.698553,376,383,977,993
0.742742,0.914355,0.798483,-0.135175,0.241559,-0.818622,360,380,942,979
0.753016,0.926475,-0.25875,-0.0242354,-0.495768,1.04105,374,357,999,984
0.734493,0.933244,0.161151,-0.532398,-0.0253972,-0.430076,369,375,990,978
0.750003,0.922992,0.5483,-0.353623,1.2075,-0.903539,371,392,981,974
0.745261,0.894127,1.15506,-0.149575,-0.0282164,-0.36465,372,365,975,985
0.736007,0.894757,-0.22293,-0.28239,0.0617265,-0.833789,377,381,960,989
0.748597,0.935261,0.00294347,-0.186242,0.791776,0.965904,372,371,991,986
0.742479,0.884397,0.102516,0.453918,-0.750901,-0.624916,375,371,977,1007
0.748992,0.893353,-0.528117,0.0660612,-0.95142,-0.453385,367,389,945,979
0.740961,0.897303,-0.429617,-0.00408797,-0.503663,-0.616487,368,377,966,987
0.751545,0.904998,-0.0364405,-0.152906,0.0498031,-0.973073,375,372,962,965
0.742407,1.04832,-0.509519,0.287291,-0.999977,-0.749703,371,378,951,983
0.738095,0.892717,-0.353611,-0.109852,-0.511256,-0.530509,369,376,940,983
0.740766,0.99381,-0.560205,0.316643,-0.864356,1.71485,369,381,949,981
0.754974,0.884358,-0.280772,-0.169655,-0.883375,-0.800304,376,376,1013,1002
0.763352,0.931059,-0.178506,-0.0110165,-0.581642,-0.931449,375,376,1006,989
0.750824,0.888934,0.368826,-0.289439,0.283852,-0.825069,374,387,982,1001
0.753416,0.904572,0.296944,0.648542,0.385698,0.614888,373,377,983,970
0.7551,0.881205,0.521988,-0.175687,3.15597,-0.061822,369,393,1003,1003
0.738051,0.898665,0.29471,-0.12792,1.82071,11.5211,378,387,992,998
0.729158,0.920693,-0.289156,0.00777242,-0.767313,-0.597806,378,370,983,982
0.751003,0.898319,-0.106882,0.00610065,0.530732,0.730364,378,370,1007,986
0.736345,0.884642,-0.266785,0.360213,-0.42268,2.11426,377,369,969,995
0.742014,0.945479,-0.207882,-0.0427202,-0.867613,-0.777123,374,383,981,996
0.737903,0.942595,-0.229428,-0.380419,-0.988623,-0.921672,374,387,1002,992
0.74725,0.879833,0.430891,-0.261137,1.13226,-0.840222,376,380,981,1005
0.770969,0.925039,-0.166543,0.108852,6.75457,-0.979516,374,372,977,990
0.737735,1.00329,0.592702,-0.328123,1.67209,0.174215,372,382,978,989
0.745559,0.889191,0.454038,0.768503,-0.892577,-0.846808,374,380,1011,1012
