0.020757,0.021598,0.239017,-0.163153,0.902154,-0.478579,639,642,1958,1993
0.015212,0.016903,-0.182825,4.48403,-0.235797,0.401559,641,606,1949,1995
0.014615,0.01584,0.631446,-0.0223115,0.634842,0.0326929,596,654,2037,1973
0.013996,0.015793,0.175127,0.139732,-0.0739759,0.358562,634,631,1888,1957
0.013805,0.01594,-0.256513,-0.3246,-0.662757,-0.455135,628,655,1917,1996
0.014602,0.016034,0.062853,-0.106931,0.62639,-0.211096,624,644,1980,1977
0.013816,0.014784,-0.219159,-0.107899,-0.462655,1.73367,615,636,1923,2005
0.013994,0.01686,0.506191,0.19652,0.048368,0.780651,624,624,2041,1977
0.01962,0.016406,-0.159391,-0.11979,0.00662326,-0.213028,616,639,1915,1974
0.0144,0.015633,-0.290061,0.0753436,0.223456,0.271949,634,635,1866,2011
0.013951,0.015766,-0.0464874,-0.19853,0.0425202,0.429098,604,633,1856,1979
0.013748,0.015593,-0.252331,-0.30313,0.258721,-0.571647,621,688,1923,1994
0.014194,0.017217,-0.339288,0.010322,-0.591504,-0.264171,623,635,1871,1969
0.013602,0.015175,-0.293048,-0.185951,-0.632811,-0.466136,623,641,1956,1991
0.013992,0.016572,0.420544,-0.130591,-0.276177,0.116927,619,634,1957,1989
0.014297,0.015049,0.338887,-0.152249,0.333078,-0.00582703,615,657,1999,2004
0.013781,0.016787,-0.236094,-0.219349,-0.662437,-0.535628,628,654,1899,1998
0.013936,0.015371,0.223192,-0.117506,-0.0659062,0.700209,602,660,1983,1996
0.013985,0.015018,-0.179265,-0.139426,-0.700257,0.0320694,626,609,1853,1991
0.013957,0.014937,1.42902,0.199841,0.0579517,1.89648,619,630,1950,1987
0.013593,0.01683,-0.359051,0.238346,-0.713673,0.52367,641,614,1907,1989
0.013861,0.015568,-0.101947,-0.0997934,-0.167244,0.834771,617,625,1943,1990
0.014077,0.015961,0.0853178,0.00238401,-0.197857,-0.162227,610,655,1828,2001
0.013851,0.020165,0.446998,-0.0855314,-0.0775009,-0.216545,597,653,1896,1980
0.014478,0.015807,-0.245608,-0.306452,-0.425908,-0.539541,629,632,1937,1999
0.014195,0.017409,-0.290402,-0.0841035,-0.399765,0.123977,654,600,1944,1911
0.014176,0.01551,0.306189,-0.0940375,0.150732,-0.628458,622,661,1938,2013
0.014047,0.015307,0.196301,-0.214704,0.67299,0.2927,617,651,1901,2018
0.013923,0.015058,0.196529,-0.0173396,-0.277975,0.249084,628,609,2028,1969
0.014661,0.01714,0.842843,-0.0707457,2.92137,-0.0344924,620,643,1990,1999
0.01381,0.015796,-0.190513,0.011518,-0.301726,0.170822,635,602,1926,1983
0.013945,0.014881,-0.373777,-0.060616,-0.546475,-0.0327743,632,620,1887,2002
0.014128,0.017941,-0.222314,-0.178219,1.07122,-0.00845836,623,629,1932,1974
0.014244,0.014587,0.283758,1.23983,1.77928,-0.12732,637,615,2037,1953
0.013981,0.015251,-0.119532,0.628623,-0.0915785,0.0748278,631,615,1972,1984
0.013709,0.016063,-0.156347,-0.182698,-0.384652,0.0184011,618,646,1870,2013
0.014363,0.014839,-0.196584,-0.153018,-0.2257,-0.327925,651,628,2007,1976
0.013639,0.016592,0.219773,-0.326417,-0.411432,-0.415333,601,690,1984,1984
0.013893,0.015585,-0.115913,0.0263007,-0.219464,2.47646,629,642,1859,1979
0.014297,0.015066,-0.00756607,-0.244687,-0.0594539,-0.368991,637,655,1957,1996
0.013787,0.015783,0.0327487,0.0749491,-0.653618,-0.409209,621,633,1919,1990
0.013309,0.015512,-0.407036,0.48383,-0.847523,-0.298412,610,615,1931,2018
0.014142,0.016053,-0.126758,-0.101425,0.922099,-0.298053,641,630,2015,1983
0.014102,0.01581,-0.110647,-0.303194,0.347496,-0.31629,611,644,1862,2011
0.013711,0.0161,-0.151621,-0.311295,-0.510001,-0.556317,629,674,1955,1985
0.014707,0.01767,0.153874,0.275314,1.01946,3.81992,636,626,1989,1923
0.013841,0.014584,0.612717,-0.0821018,1.38586,-0.136489,610,656,1994,2012
0.014059,0.016345,-0.178415,-0.223009,0.526457,1.85865,624,678,1851,2004
0.013689,0.014254,-0.33452,-0.0568101,-0.324238,-0.206756,633,644,1876,2003
0.015572,0.014729,0.0892118,-0.240276,-0.481199,0.215183,622,643,1988,2005
0.013758,0.015706,-0.151013,-0.347648,1.84989,-0.58412,614,626,1956,2000
0.013641,0.015196,0.0158093,0.5671,-0.546668,2.36153,631,631,1946,1958
0.013842,0.015381,-0.181165,0.0115379,1.33279,0.0631668,622,665,1883,1990
0.01393,0.014933,0.884926,-0.311625,-0.303783,-0.583737,612,661,1870,2023
0.014239,0.016796,0.294726,0.0013384,1.04891,-0.27176,615,654,1916,1980
0.013769,0.01577,-0.0778129,1.53104,-0.271135,1.45941,622,621,1898,1980
0.014317,0.016006,-0.11825,-0.190186,0.0569039,-0.387592,642,652,1990,2004
0.014189,0.015902,-0.0833218,-0.0760552,1.16018,-0.398357,619,628,1922,2009
0.013768,0.015024,-0.48847,0.215078,-0.323654,0.641486,644,628,1850,1991
0.014015,0.015112,0.0617403,-0.194211,-0.184786,0.534928,630,638,1949,1994
0.013558,0.015825,-0.304062,-0.383594,-0.327585,-0.537747,638,656,1910,1955
0.013416,0.017704,-0.306142,-0.260019,-0.50912,-0.568153,612,648,1834,1963
0.013496,0.015806,-0.22929,-0.219859,-0.220671,-0.374131,616,635,1854,1983
0.014105,0.016343,0.0327212,-0.130155,0.572068,0.106049,632,668,1929,1998
0.013722,0.016083,0.251708,-0.1749,-0.504243,-0.621795,614,647,1942,1977
0.013546,0.017887,-0.36571,-0.0329901,-0.69909,-0.254123,619,652,1926,1980
0.014045,0.015145,-0.158739,0.0148159,-0.132174,-0.26023,643,610,1982,2005
0.013586,0.016414,-0.14922,-0.0875515,-0.73869,-0.101994,636,642,2024,2004
0.014114,0.015207,0.778215,-0.198966,-0.154822,-0.158605,618,642,2030,1995
0.013795,0.014568,-0.171981,-0.140383,-0.453857,-0.25338,634,605,1993,1975
0.014105,0.015978,1.11927,0.970098,0.308666,0.671606,608,627,1988,1999
0.013715,0.015246,-0.244432,-0.151156,-0.527636,0.689748,622,661,1952,1994
0.014486,0.016992,-0.161896,-0.204051,0.19862,0.00225275,635,664,1998,1944
0.01427,0.015813,-0.057595,-0.0900904,0.0163782,-0.169352,625,657,2024,1985
0.014226,0.015001,0.0155559,-0.15719,0.751306,-0.524816,615,629,1857,2013
0.013561,0.016709,-0.290189,0.131572,-0.138467,-0.0681807,623,644,1861,1988
0.013856,0.015099,0.182205,-0.236264,0.143974,-0.719142,612,621,1932,1972
0.013789,0.015864,-0.254725,0.109791,-0.445092,-0.136557,632,644,1921,1970
0.013742,0.014737,-0.206765,-0.18545,-0.586336,-0.36404,641,638,2009,2007
0.013669,0.015158,-0.171463,0.142867,-0.588727,-0.58069,638,643,1957,2014
0.013874,0.015439,-0.0108211,-0.193484,-0.135556,-0.253592,628,639,1988,1963
0.013447,0.014315,0.763939,-0.275762,-0.380987,-0.452905,595,643,1965,1983
0.01388,0.016618,0.0167525,0.042003,-0.141365,-0.393401,610,641,1859,2033
0.014383,0.014743,0.0513571,0.407554,-0.0444524,1.59321,623,624,1951,2035
0.014328,0.015764,0.629817,0.0554539,1.68788,0.499669,583,660,1903,2023
0.014174,0.014674,-0.229429,-0.15019,-0.172062,-0.0424796,648,600,2009,1997
0.013915,0.016672,0.0140347,-0.295458,1.22045,-0.117264,615,645,1915,1996
0.014018,0.016629,-0.115281,0.0393729,0.0598381,-0.37768,639,633,1912,1961
0.013571,0.015243,-0.301327,-0.154121,-0.383356,-0.253771,603,640,1839,1979
0.014007,0.016829,4.09883,-0.391551,0.00823756,-0.624598,605,678,1945,2021
0.013705,0.015121,-0.144711,0.575341,-0.472104,-0.420593,626,635,2047,2010
0.013462,0.01452,0.000276096,-0.277347,-0.621011,-0.719284,613,636,1867,1956
0.0139,0.015164,0.0437475,-0.257935,0.160143,-0.234152,608,641,1902,1996
0.013902,0.014908,-0.189128,0.384964,-0.0660315,0.521198,612,619,1937,1965
0.014439,0.015237,0.112195,0.727344,0.590508,0.22879,634,599,1994,1997
0.013947,0.014746,0.213604,0.719618,0.75308,-0.376448,623,628,1996,1997
0.014105,0.014973,0.205848,0.49538,0.306225,-0.099886,634,609,1968,1995
0.013963,0.01591,0.00434271,0.0966056,-0.297239,0.367406,641,639,1987,1969
0.013809,0.015208,-0.149121,-0.370201,-0.24725,-0.624918,632,661,1884,2017
0.015621,0.015242,-0.1987,-0.112577,-0.376569,-0.213858,611,628,1893,1981
