50.705,49.8361,0.0298002,-0.063792,0.0410936,-0.0713259,4915,4886,32509,32749
48.3244,49.1908,-0.0523785,0.00831711,-0.0648125,0.0400028,4932,4937,32748,32074
48.0115,46.4578,-0.0624192,-0.0599855,-0.0523379,-0.0913044,4904,4907,32371,32271
51.6122,50.8392,-0.00129084,-0.038296,-0.0170108,-0.0973758,4945,4935,32689,32006
47.2284,49.5724,-0.0671461,-0.0275901,-0.108964,-0.00259953,4937,4964,32313,32156
47.4943,46.0045,-0.0202662,-0.0716622,-0.0456005,-0.127006,4886,4910,32518,31806
52.4533,51.3307,0.0366969,0.0323782,0.040428,0.0292937,4933,4956,32297,32510
48.609,53.7018,-0.0604014,-0.0236123,-0.0583751,-0.0505471,4938,4944,32676,31963
52.2821,48.2929,0.0662484,-0.0217578,0.16647,0.00667888,4917,4862,32609,32018
51.4563,50.5044,0.0706283,0.0171557,0.108914,0.000251245,4877,4871,32669,32615
50.7691,51.4517,-0.00133089,-0.0363906,-0.055064,-0.0276605,4920,4949,32428,32530
48.1348,53.306,-0.0249967,-0.0375002,-0.0467344,-0.00563798,4915,4910,32430,32076
46.7625,57.3041,-0.0863819,0.1002,-0.0935095,0.110119,4926,4932,32363,32608
50.1587,51.3313,-0.00259697,-0.0116711,-0.00656886,0.0315911,4938,4874,31867,32473
45.5282,54.1379,-0.089829,-0.00875766,-0.0589008,0.041679,4913,4901,32653,32394
50.2853,49.2578,0.0485461,0.0171965,0.136573,0.0782753,4885,4873,32100,32703
55.1885,50.8515,0.0672131,-0.0087975,0.0125967,-0.0472263,4946,4902,32430,32142
49.4537,44.5907,0.016723,-0.0958305,-0.00736569,-0.128319,4852,4947,32201,32704
51.9096,46.9638,0.0493141,-0.0636027,0.0202755,-0.0867419,4948,4930,32245,32093
52.1443,48.379,0.0939254,-0.0432245,0.224845,-0.0319299,4797,4920,32755,32348
48.917,49.8927,0.00079575,-0.0246249,0.018181,0.0782874,4936,4911,32252,32493
52.8774,53.1261,0.0272426,0.052033,0.0431855,0.112128,4839,4913,32324,32688
51.0021,45.6706,0.098448,-0.00538074,0.115716,-0.0212611,4888,4890,32689,31993
48.5113,46.2775,-0.0346777,-0.0726389,-0.0577524,-0.139903,4901,4870,32577,32735
46.2285,50.9147,-0.0334969,-0.0320417,0.00332474,-0.0290218,4948,4942,31909,32734
49.9653,49.823,0.0230309,0.053009,0.0104491,0.00774932,4921,4906,32609,32174
50.441,48.3959,-0.00674467,-0.0153188,-0.0277099,0.0113781,4918,4928,31443,32518
45.4898,47.4878,-0.0537998,-0.0492497,-0.118736,-0.0851327,4857,4877,32588,31354
47.1173,56.3396,-0.0143749,0.0587223,-0.00523568,0.0743304,4899,4865,32127,32184
49.8296,53.1301,0.000734937,0.110527,0.0573112,0.151487,4918,4842,32380,31770
51.6451,50.0381,-0.0178779,0.0451399,0.0555288,0.0491788,4946,4905,32593,32268
53.335,55.2603,0.0774633,0.056566,0.104136,0.086898,4910,4921,32199,32431
49.2275,45.5882,0.00111218,-0.0469942,-0.0245987,-0.156042,4816,4933,32666,32223
45.4174,47.1689,-0.115657,0.0414317,-0.186734,0.00762304,4957,4946,32208,31857
47.0363,50.6899,-0.041636,0.00852157,-0.0606587,-0.0400804,4882,4947,31795,32192
53.4389,49.6809,0.0636376,0.0183344,0.0709502,-0.0671418,4872,4850,32074,31854
50.0778,47.8506,0.00291822,-0.0710342,-0.0485322,-0.0648351,4851,4914,32253,32031
47.4765,49.3539,-0.00169644,-0.0771408,-0.0212467,-0.0628406,4929,4902,31872,32378
53.3605,49.1475,0.0461454,-0.0273611,-0.00533387,-0.0887447,4918,4939,32232,31837
51.0401,46.5995,0.0475915,-0.0747413,0.162219,-0.137221,4850,4908,32332,32503
51.7728,48.6718,0.0479527,0.0220016,0.0975343,0.00108939,4881,4865,32460,32380
48.6192,51.1796,0.00373769,0.033405,-0.00694075,0.0442112,4895,4841,32271,31786
52.2772,48.3385,0.0285942,0.021438,0.0333321,0.0715455,4903,4838,32483,32561
50.7629,50.7701,0.028422,0.0586176,0.0674813,0.0853841,4891,4906,32194,31899
48.3033,54.6868,-0.00722074,0.0657919,0.013706,0.171479,4912,4923,32723,32265
49.6561,51.4187,0.0433976,0.0424529,0.0711073,0.0384909,4874,4901,32287,32720
47.5339,46.4059,-0.0582106,-0.0301037,-0.0668624,-0.024805,4946,4802,32336,32607
48.7728,52.1077,-0.0462369,0.0619568,-0.0285258,0.00547892,4885,4918,32087,32317
53.2271,51.9898,0.0832463,0.0905925,0.0987569,0.115922,4961,4832,32488,32764
54.155,52.4053,0.0950935,-0.00713873,0.21312,-0.0155997,4865,4922,32518,32004
48.6882,49.5773,0.0127455,0.0121181,0.00478961,0.0791473,4929,4920,32186,32577
50.7792,45.037,-0.0110711,-0.0671407,0.016407,-0.071792,4881,4938,32283,32710
47.2116,48.9294,-0.0303839,-0.0162345,-0.0528054,0.00277834,4905,4876,32686,32008
50.155,48.7264,-0.0373607,0.0353792,-0.09657,0.0446711,4939,4944,32612,32354
50.1697,51.5239,0.026691,2.79552e-05,0.0952132,0.00158505,4911,4871,32380,32289
51.0534,47.9649,-0.0383311,-0.115518,-0.0267161,-0.172388,4911,4922,32689,32329
47.8088,49.9078,-0.0260837,-8.56624e-05,-0.079262,0.0201318,4921,4782,32423,31974
50.3656,47.5903,0.0190969,-0.0373275,-0.0115511,-0.0119075,4940,4944,32433,32242
50.3727,52.571,0.0676814,0.0209828,0.0937856,0.00183503,4864,4953,32099,32682
49.3835,49.9727,-0.0156286,-0.000998197,-0.0588848,0.0291152,4917,4930,32333,32740
51.4537,47.5184,-0.00618112,-0.0784389,-0.0520506,-0.089786,4926,4934,32246,32293
51.7386,50.2287,0.0733115,0.0165462,0.119417,0.0784021,4927,4918,32389,32222
50.2398,51.8474,0.0152018,0.0920246,0.0602095,0.233498,4931,4966,32438,32707
54.3954,49.6476,0.0994369,-0.00841907,0.180707,-0.0879507,4896,4896,32567,31958
50.0179,52.888,0.0292848,-0.0119398,-0.00775674,-0.029077,4800,4942,31995,32640
50.0631,49.2898,0.0224978,-0.0270812,0.0250279,-0.00134129,4963,4916,32366,32105
51.1831,52.229,0.0166756,0.031278,0.00842181,0.00902329,4881,4889,32322,32427
49.5282,49.0123,-0.0633122,0.059961,-0.107915,0.0584632,4908,4878,32278,32761
48.9437,50.7541,0.00775828,0.0227456,0.104139,0.0706563,4805,4952,32595,32175
50.9453,49.645,0.00248113,-0.0262942,-0.0146567,-0.0235823,4910,4944,32036,32425
48.9981,49.082,-0.0199456,-0.0279212,-0.0159318,-0.106265,4950,4930,32560,32508
52.2023,48.0026,0.018428,0.00895137,-0.0199857,-0.011152,4882,4892,32582,32173
50.874,46.5362,0.0393019,-0.0578512,0.0722279,-0.0687729,4925,4939,32615,32651
47.5707,48.7756,0.00348369,-0.0261961,-0.0205185,-0.0337232,4901,4925,32501,32283
46.4824,43.215,-0.0723109,-0.102457,-0.151462,-0.246133,4916,4888,32031,31878
49.1696,55.4626,-0.0121135,0.0109142,0.00709232,-0.0385454,4970,4926,32368,32340
52.2055,47.7604,0.0363881,-0.0484824,0.00694104,-0.0464728,4834,4913,32150,32081
49.9498,48.4488,-0.00410108,-0.044116,0.0569128,-0.0278318,4856,4960,32708,32456
53.2512,51.954,0.0538676,-0.0066549,0.13243,-0.0188733,4850,4952,32336,32277
47.601,48.5166,-0.0469743,0.00959571,-0.120235,-0.00282777,4967,4943,32470,32492
47.0713,50.7064,-0.0676956,-0.0439726,-0.127682,-0.12292,4925,4924,32051,32592
53.1175,51.7066,0.0609634,-0.0139979,0.104806,-0.0625774,4866,4934,32485,32015
54.1828,54.1041,0.183397,-0.00795585,0.259331,-0.0302844,4833,4869,32147,32390
53.2512,50.0717,0.0325459,-0.0448445,0.0421318,-0.041669,4807,4891,31863,32606
47.4813,51.3194,-0.0222321,0.0734466,-0.0663792,0.176362,4950,4868,32216,32573
50.5555,48.4086,-0.0971449,-0.00134082,-0.142205,-0.0231414,4874,4866,31270,32251
53.4802,51.8585,0.118978,0.040584,0.171009,0.0831173,4851,4959,32307,32114
54.0899,53.0598,0.0255307,0.0352219,0.078883,0.0595563,4908,4890,32547,32053
52.1682,53.3865,0.0220827,0.0681114,0.0799922,0.117135,4923,4881,32057,32438
48.7648,56.0212,-0.0519929,0.0767172,-0.0887322,0.0893681,4926,4904,32421,32736
51.7557,49.1,-0.013831,0.0728291,0.029573,0.0509189,4913,4831,32402,31866
50.2773,49.354,-0.013261,0.000485562,-0.00948344,-0.00457768,4917,4970,31931,32496
52.0237,52.4437,0.0247786,0.0510736,0.0736155,0.0995222,4864,4892,32466,32058
50.3607,53.4709,0.003343,0.0632297,0.0872146,0.0497084,4922,4894,32712,32570
50.3702,47.07,0.0251407,-0.0545207,0.0197969,-0.106639,4846,4914,32293,32467
49.2025,49.9866,-0.0546996,0.000957878,-0.0564579,-0.0289974,4908,4916,32135,31923
46.5272,49.8123,-0.054895,0.0192083,-0.0920214,-0.0151905,4917,4937,32433,32253
49.3147,49.1277,0.00758921,-0.0806691,0.0236834,-0.148245,4940,4941,31943,32243
56.8324,51.8436,0.0847374,0.0613309,0.178526,0.115372,4867,4879,32007,32358
51.1311,51.8807,0.0344436,-0.0414058,0.0544055,-0.0513977,4959,4923,32285,32347
