0.936211,0.99752,0.236129,-0.12695,0.594858,-0.169071,571,598,3832,3861
0.626434,0.908193,-0.16379,-0.0792062,-0.279175,-0.164484,568,563,3752,3996
0.792413,0.799189,-0.0471805,-0.0387804,-0.0736263,-0.0518165,568,591,3780,3992
0.713593,0.689027,-0.046936,-0.199615,-0.249898,-0.332201,568,579,3767,3856
0.630534,0.840438,-0.1445,-0.0534048,-0.211169,-0.230121,569,570,3644,3785
0.889603,1.01143,0.365233,0.133168,0.580029,0.0621514,568,582,3833,3922
0.763128,0.944507,0.12487,0.154823,0.134476,0.501058,558,576,3935,3812
0.634326,0.711241,-0.251229,-0.163882,-0.486267,-0.229722,570,585,3662,3871
0.801091,0.692896,0.0559611,-0.0978246,-0.0964654,-0.0236242,570,586,3833,3872
0.655981,0.745162,-0.320372,-0.135134,-0.470362,-0.367743,570,606,3514,3822
0.858016,0.558356,0.311782,-0.0229577,0.0982673,-0.126773,569,571,3729,3818
0.7858,0.846055,0.0420009,0.327838,0.261553,0.613149,562,558,3621,4011
0.861402,0.655111,0.128673,-0.114583,0.165829,-0.280717,567,569,3779,3816
0.758183,0.814902,0.0471785,-0.0819424,0.0612876,-0.15209,567,598,3631,3898
0.642507,0.911081,-0.247298,0.179683,-0.366349,0.298213,568,584,3653,3888
0.61122,0.97774,-0.0785195,-0.0078486,-0.0152838,-0.0122321,570,583,3956,3839
0.661705,0.693135,-0.086848,-0.0820855,-0.133292,-0.112062,570,554,3850,3668
0.563357,0.722923,-0.360545,-0.149766,-0.52117,-0.234647,570,589,3541,3798
0.77001,0.669885,-0.0456635,-0.0999052,-0.173248,-0.224663,552,576,3664,3859
0.821416,0.704836,0.03284,-0.223756,-0.0424111,-0.360647,556,600,3814,3629
0.637144,0.962219,0.00210011,0.376063,-0.180173,0.483691,558,556,3658,3643
0.741343,0.782853,-0.121088,-0.122817,-0.140306,-0.146797,555,590,3413,3847
0.632656,0.71142,-0.17239,-0.0230961,-0.260989,-0.0269425,569,575,3779,3759
0.785332,0.641346,0.0122424,-0.381207,-0.109243,-0.496284,571,606,3809,3808
0.790428,0.536428,0.000103538,-0.503256,-0.190134,-0.621087,570,609,3861,3832
0.916086,0.703255,0.0449268,-0.100027,0.0988659,-0.00739487,571,583,3742,3901
0.789956,0.638103,0.397636,-0.23854,0.281016,-0.310279,568,584,3751,3837
0.79446,0.714237,0.0735116,0.0741236,0.296329,-0.00816941,565,551,3540,3903
0.635464,0.684141,-0.311593,-0.186946,-0.364217,-0.431209,571,571,3735,3664
0.613074,0.679076,-0.0424366,-0.17374,-0.0860653,-0.267683,570,576,3688,3788
0.862016,0.816056,-0.08557,-0.028491,-0.0745432,-0.112647,569,564,3610,3830
0.718422,0.7204,0.0895116,-0.14768,0.383834,-0.307489,568,602,3834,3795
0.584661,1.08306,-0.0253636,0.178796,0.0878603,0.437823,570,593,3836,3690
0.718491,0.796628,0.119762,-0.0982547,0.298294,-0.18065,571,603,3880,3837
0.699232,0.734405,-0.219462,-0.0586528,-0.367543,-0.296153,559,598,3731,3762
0.718288,0.745254,-0.119371,-0.0812155,-0.196575,-0.283534,569,633,3810,3857
0.72887,0.810473,-0.0379202,0.00816275,0.164455,0.0762777,570,580,3845,3783
0.650487,0.870154,0.0334883,0.181559,-0.163339,0.131907,570,558,3669,3695
0.880788,1.0009,0.316778,0.301346,0.613733,0.530262,570,576,3829,3975
0.870196,0.811037,0.104885,0.027448,0.099671,0.161009,570,554,3802,3814
0.977235,0.880199,0.176212,0.124851,0.304395,0.117179,564,576,3875,3875
0.77431,0.742406,0.0964243,0.00286861,0.229262,0.0283996,569,577,3826,3778
0.560517,0.712773,-0.0495415,-0.0993923,-0.000324002,-0.232898,566,564,3737,3678
0.487758,0.769405,-0.144567,0.182181,-0.229322,0.108098,563,584,3501,3745
0.875076,0.955533,0.162181,-0.0615868,0.218092,-0.116365,571,564,3595,3891
0.924109,0.717966,0.12621,-0.000660968,0.197317,0.146954,568,550,3798,3660
0.683498,0.978858,-0.15331,0.486369,-0.269359,1.01458,571,582,3734,3895
0.828041,0.68329,-0.0788108,0.133329,-0.203936,0.165261,569,556,3660,3663
0.661909,0.853611,-0.0827581,-0.0598888,-0.270154,0.123873,571,595,3702,3862
0.733971,0.837326,-0.0688958,-0.0793129,-0.266269,-0.114598,565,593,3574,3729
0.703092,0.667611,-0.131665,-0.184133,-0.0807002,-0.218079,570,603,3924,3855
0.770139,0.718686,0.0327973,-0.177926,-0.174238,-0.258047,571,585,3688,3870
0.762075,0.769945,-0.10158,-0.0814002,-0.214029,-0.348079,571,586,3661,3627
0.602111,0.778041,-0.258154,-0.158299,-0.397396,-0.217789,571,577,3872,3871
0.704221,0.791218,-0.0910488,-0.243004,-0.0542002,-0.339824,570,593,3749,3762
0.703012,0.852771,0.188849,0.158164,0.24496,0.111604,570,584,3799,3692
0.904238,0.714871,0.155171,-0.112359,0.138095,-0.220681,565,597,3633,3805
0.838395,0.925262,0.327855,0.109675,0.306873,0.0871648,571,564,4029,3804
0.847321,0.936519,0.169321,0.0507044,0.356427,0.078472,571,593,3680,3956
0.877191,0.64754,-0.0812726,-0.400867,0.0598229,-0.510052,569,584,3860,3797
0.671324,0.739019,0.0671002,-0.0251172,-0.0215338,-0.0698098,571,567,3601,3722
0.772624,0.60345,-0.0888272,-0.147204,-0.174041,-0.220793,569,590,3683,3875
0.619055,0.90475,0.0723225,0.145753,0.184399,0.379228,571,613,3483,3861
0.94467,0.525915,0.136035,-0.284545,0.396143,-0.424529,570,611,3937,3838
0.671466,0.842663,-0.0483533,0.0451452,0.0318103,0.287897,570,566,3704,3830
0.794042,0.783536,0.133518,-0.120175,0.3256,-0.096445,571,601,3738,3939
0.770535,0.817126,0.0910473,-0.0760904,0.129708,-0.193877,566,605,3759,3983
0.657966,0.941605,0.0165352,0.0943881,-0.118207,-0.0639968,569,575,3678,3778
0.692146,0.726264,-0.0247957,-0.0816998,0.102802,-0.339538,569,578,3835,3580
0.711781,0.657766,-0.137264,-0.129769,-0.162141,-0.401702,560,632,3875,3696
0.710448,0.677012,0.0194438,-0.267283,-0.00399331,-0.229209,570,577,3684,3714
0.673218,0.857498,-0.0682171,0.020547,0.166217,-0.0669136,570,618,3821,3914
0.794859,0.713899,0.0526265,-0.137526,0.217625,-0.275433,568,551,3744,3746
0.687521,0.827607,-0.029093,-0.131906,-0.149735,-0.26811,568,593,3652,3619
0.805396,1.08015,0.0110525,-0.000471037,0.0858541,-0.00828227,561,585,3724,3882
0.843953,0.849772,0.153271,-0.143129,0.307532,-0.294447,570,584,3928,3813
0.71333,0.71817,-0.0256824,-0.0343917,0.106598,-0.0302621,570,577,3662,3719
0.785924,0.788089,0.129308,-0.0747867,0.336533,-0.169329,568,583,3817,3857
0.737478,0.908479,-0.151853,0.0304879,-0.291045,-0.000205146,564,578,3818,3863
0.871556,0.839212,0.135561,0.0446847,0.227749,-0.224159,570,595,3868,3931
0.734193,0.665738,0.00800634,-0.0952109,0.00196785,-0.236091,570,585,3790,3823
0.904065,0.791707,0.180397,0.0469725,0.265733,0.139257,566,570,3794,3892
0.794994,0.890342,-0.0102841,-0.11964,-0.224579,-0.097236,569,641,3881,3978
0.650964,0.752664,-0.116434,-0.21918,-0.149801,-0.376835,566,600,3578,3864
0.700071,0.76629,-0.150974,-0.255377,-0.181445,-0.457603,553,621,3404,3718
0.644137,0.638622,-0.139055,-0.206282,-0.231784,-0.152263,568,587,3859,3915
0.756065,0.810258,0.0263327,-0.181788,0.267637,-0.248843,571,598,3722,3889
0.667419,0.894731,-0.192138,-0.0479115,-0.256935,-0.358834,566,581,3483,3862
0.881739,0.739374,0.261702,-0.202267,0.674372,-0.214675,569,574,3868,3750
0.82127,0.892249,0.226917,0.0852988,0.325148,0.245185,570,575,3915,3867
0.855298,0.778716,0.199919,0.092373,0.32577,0.414522,566,588,3818,3961
0.723421,0.962611,-0.00859359,0.225044,0.0368568,0.0639843,568,580,3740,3684
0.934755,0.743236,0.315897,-0.121966,0.422689,-0.0927831,569,569,3670,3791
0.697355,0.776303,0.0179247,-0.0548606,-0.0271955,0.0245145,558,611,3675,4043
0.784307,0.705067,0.04111,-0.163412,-0.0750576,-0.264559,571,565,3653,3730
0.820397,0.902354,0.120919,-0.183201,0.120769,-0.369086,570,625,3549,3831
0.786885,0.862738,0.283746,0.185357,0.272929,0.515031,568,596,3642,4040
0.634242,0.883823,-0.0196288,0.104982,-0.0942305,-0.00441491,563,572,3622,3872
0.708336,0.816671,-0.0898153,0.125653,-0.162589,0.202456,570,608,3767,4010
0.731403,0.762717,0.0810588,0.0632705,0.168779,0.0738745,570,575,3793,3745
