0.096703,0.140005,-0.175692,-0.256916,-0.417015,0.374398,1056,1439,3882,3926
0.093556,0.125609,-0.15958,-0.0666549,-0.552205,-0.16321,1054,1452,3859,3979
0.09762,0.151055,-0.143194,-0.373135,1.09874,-0.560614,1055,1428,3916,3928
0.09308,0.142331,-0.11604,-0.014799,-0.546555,-0.0797962,1047,1427,3872,4018
0.094974,0.130112,0.210173,0.101334,2.84555,-0.255336,1057,1422,3878,3978
0.092888,0.127938,-0.239193,0.00194527,-0.513047,-0.369953,1057,1447,3920,3956
0.097909,0.126542,-0.0284475,0.17922,0.0336269,-0.798199,1061,1380,4022,3969
0.093761,0.138268,-0.0374747,-0.0700275,-0.355883,-0.284565,1045,1436,3954,3988
0.093949,0.130588,-0.161421,-0.00478877,-0.451101,-0.578476,1055,1406,3893,3941
0.097044,0.122059,-0.235195,-0.135414,-0.681868,-0.344663,1056,1416,3823,3901
0.092013,0.135527,-0.252203,-0.307721,-0.806468,0.799192,1033,1477,3805,4018
0.094406,0.129488,-0.0279611,-0.279602,0.224842,-0.790544,1054,1461,4051,4008
0.098296,0.132281,-0.0299534,0.15149,-0.186908,-0.221467,1048,1404,3859,3956
0.093573,0.127723,0.173213,-0.143758,0.214501,-0.492836,1062,1383,3934,4025
0.092908,0.128144,-0.0608474,-0.0347417,-0.588696,-0.370108,1054,1408,3867,3950
0.094026,0.122211,-0.120625,0.0662624,-0.204816,1.04485,1053,1449,3892,4010
0.093431,0.1312,-0.094078,0.0196683,-0.281701,1.1629,1058,1478,4007,4014
0.094092,0.130004,0.104436,0.301453,0.263068,-0.845258,1064,1396,3956,3937
0.093837,0.129178,0.107785,-0.0766143,0.578526,-0.386749,1045,1422,3957,4005
0.099269,0.124065,-0.00833861,0.234334,-0.570363,0.562936,1041,1455,3938,4005
0.094907,0.126028,-0.219703,-0.239746,-0.617665,-0.195946,1043,1430,3942,4003
0.094319,0.127844,0.203044,-0.236556,-0.0564637,-0.537963,1040,1408,3989,3977
0.097975,0.13057,0.189659,-0.142888,-0.630842,-0.477813,1047,1401,3979,3988
0.093047,0.127596,-0.187244,1.09389,-0.25258,6.75365,1052,1370,3806,3947
0.093587,0.124199,0.251806,0.250586,4.63226,1.86676,1051,1400,3863,4003
0.099728,0.121985,0.352692,0.229203,3.26672,1.84283,1053,1381,3960,4009
0.093964,0.128954,0.216565,-0.0148314,-0.00979985,-0.256004,1054,1389,3933,3913
0.094615,0.119717,0.215242,-0.201708,-0.0895386,0.723926,1044,1399,3940,4002
0.093585,0.122841,-0.202556,-0.0268265,-0.542526,0.0421972,1058,1402,3935,3985
0.094084,0.128454,-0.112972,-0.0892882,-0.170715,-0.235133,1060,1400,4006,3978
0.09491,0.14125,-0.046797,-0.34226,0.0481619,0.197271,1063,1452,4028,4009
0.093902,0.125529,-0.0278224,-0.0597423,0.575827,-0.354602,1036,1402,4006,3993
0.098523,0.126611,0.087427,-0.020881,1.78175,-0.785136,1044,1403,3794,4045
0.093027,0.130443,-0.242736,-0.177043,-0.74582,-0.70207,1053,1444,3838,4037
0.094066,0.122088,-0.00933829,-0.173584,-0.45927,-0.451363,1065,1464,4051,3952
0.099615,0.122745,0.105092,0.0874844,1.51938,-0.422514,1040,1415,3902,4044
0.093841,0.137128,0.416953,0.0777771,1.23261,-0.19486,1048,1403,3932,3946
0.093591,0.134236,-0.0465087,-0.123949,-0.445569,-0.312128,1056,1412,3993,3993
0.09383,0.127465,0.0427791,-0.32698,0.0693425,-0.613262,1046,1458,3946,4034
0.097747,0.118347,0.134821,-0.339998,-0.450534,-0.362371,1040,1457,3981,4018
0.096305,0.130363,-0.3528,-0.245901,-0.606804,-0.422574,1041,1461,3851,4011
0.09289,0.130451,-0.0859313,-0.300029,0.161184,-0.682096,1060,1468,3835,4024
0.099002,0.122376,-0.171354,0.171358,-0.381117,-0.774076,1053,1437,4042,4052
0.093497,0.127214,0.0512051,-0.00603343,-0.235846,-0.291821,1057,1419,3991,4063
0.094152,0.12426,0.0569547,-0.134831,-0.525663,0.869659,1053,1437,3971,4018
0.099138,0.124712,-0.00723287,0.0819047,-0.428276,0.0530656,1059,1389,3952,3926
0.092882,0.125792,-0.157869,0.378955,-0.705681,-0.217706,1060,1392,3833,3921
0.092585,0.126087,-0.28194,-0.121809,-0.103679,1.29692,1053,1433,3888,4059
0.097709,0.129601,0.201391,0.111184,-0.462307,-0.2652,1033,1466,3846,4040
0.095126,0.135876,-0.138536,-0.121971,-0.230733,0.0897013,1061,1461,3936,3963
0.093784,0.124412,-0.182968,-0.320462,-0.315981,-0.163006,1055,1457,3873,4063
0.094522,0.124911,0.0326488,0.158297,0.714064,-0.00231207,1038,1406,3894,3999
0.097547,0.120864,-0.114195,-0.154809,-0.643114,-0.381183,1052,1481,3944,4014
0.094424,0.128206,0.251999,-0.194336,-0.0645515,-0.567917,1048,1436,4092,4009
0.093814,0.121897,0.0244752,0.115162,1.55227,0.510382,1045,1437,3909,4002
0.09801,0.122621,-0.149708,-0.193284,-0.716801,0.0408427,1044,1440,3862,3970
0.09371,0.128442,0.142655,0.117471,-0.261584,1.0094,1054,1378,3928,4036
0.095109,0.122342,1.19861,-0.248149,0.48209,0.140347,1046,1482,4086,4001
0.098605,0.127062,-0.167484,-0.0554511,-0.109897,-0.352808,1051,1369,3898,3974
0.093125,0.131065,-0.221841,-0.227317,-0.26346,-0.371885,1058,1443,3910,4040
0.093283,0.133,-0.188585,-0.125001,-0.582992,-0.25931,1051,1402,3878,3953
0.097957,0.124876,-0.100902,0.0546144,-0.347804,-0.135516,1052,1421,3982,3893
0.093062,0.138737,-0.234898,0.642741,-0.516356,-0.641697,1058,1472,3912,4010
0.093564,0.126472,-0.118432,-0.245028,-0.304476,0.374974,1046,1415,3813,3954
0.094261,0.126226,0.378059,-0.276645,-0.128644,-0.395497,1051,1418,3952,4009
0.098278,0.12087,-0.141942,1.13003,-0.449315,0.381284,1050,1401,3967,3966
0.094504,0.127757,0.0585812,-0.161782,0.650469,-0.12977,1038,1459,3996,4060
0.094166,0.119519,0.158107,-0.222859,-0.456349,-0.298497,1046,1440,4027,3947
0.099712,0.126578,-0.139113,0.695634,-0.529529,0.166908,1035,1429,3815,4063
0.093971,0.125423,0.500946,-0.131874,-0.214407,-0.562876,1051,1446,3999,3987
0.093853,0.126108,-0.092728,-0.0775628,0.204945,0.0478582,1054,1448,3998,3904
0.099205,0.126414,-0.0391096,-0.184938,-0.275463,-0.668815,1044,1445,3994,3988
0.093948,0.132165,0.153881,-0.173249,-0.467578,-0.186691,1056,1388,3962,3900
0.098016,0.125978,0.671897,-0.100466,0.0837412,-0.281101,1052,1423,4073,3987
0.097235,0.12394,-0.257699,0.0448346,-0.410757,0.119592,1055,1367,3845,4024
0.093712,0.131865,-0.0217172,-0.0941228,-0.538741,-0.551856,1036,1420,3804,3990
0.095544,0.135452,0.103789,-0.0624322,1.80453,-0.418361,1049,1373,4028,3920
0.092966,0.131971,0.118269,-0.214978,-0.231976,2.66869,1063,1460,4027,3957
0.098392,0.126962,-0.151756,0.397064,-0.524257,-0.579243,1040,1377,3977,3948
0.094243,0.137352,-0.330624,0.307768,-0.319036,0.0673359,1057,1385,4031,3934
0.093351,0.129287,0.0812434,0.14562,-0.698367,-0.750548,1047,1461,3888,4008
0.09857,0.135391,-0.0677345,0.0742255,0.293945,-0.662615,1053,1408,3818,3929
0.093514,0.130502,-0.325819,0.734239,-0.590243,0.482443,1054,1406,3985,4029
0.09398,0.13862,-0.0614978,0.0144337,-0.707466,0.556464,1059,1409,4006,3955
0.093051,0.125091,0.0895188,-0.104776,1.89459,-0.507597,1044,1462,3792,3948
0.095968,0.142398,-0.23778,-0.0544322,-0.705194,0.612415,1043,1466,3762,3980
0.093957,0.13998,0.0129919,-0.270373,-0.431519,-0.740056,1031,1443,4024,3902
0.093425,0.123321,-0.13863,0.960603,-0.584961,0.23384,1038,1507,3924,3995
0.09957,0.128545,-0.153423,-0.225063,-0.678551,-0.527298,1053,1447,3805,4009
0.093837,0.131524,0.346053,-0.105154,-0.01891,-0.254441,1017,1437,3929,3962
0.094388,0.127761,-0.0865441,-0.208892,-0.382909,-0.513715,1065,1486,3945,3940
0.094555,0.133749,-0.0233132,-0.186209,-0.444702,-0.218704,1055,1441,3950,3938
0.097749,0.1259,-0.129243,0.0260221,0.478421,0.0516489,1057,1420,3829,3937
0.094358,0.128433,0.000328375,-0.0304922,1.15054,-0.424698,1036,1387,3993,4018
0.094388,0.127128,0.164434,-0.041911,0.284882,-0.0264154,1033,1376,4094,3965
0.097904,0.122259,-0.0189253,-0.208217,-0.840425,-0.545338,1056,1440,3939,4032
0.094352,0.128348,-0.0066648,0.221107,0.969122,1.40677,1026,1465,4034,3987
0.093507,0.125681,0.130474,-0.269369,-0.622389,-0.62732,1053,1409,3923,3991
0.100382,0.133668,-0.112282,-0.218398,-0.513535,0.555318,1031,1460,4094,4006
0.094543,0.130131,-0.0316861,0.556913,0.31505,0.859203,1027,1401,3798,3982
