3.3529,3.00137,0.00797964,-0.0420538,0.173172,-0.123525,6160,6158,16128,16175
3.45437,3.02029,-0.00418083,0.0991475,0.157967,0.0437575,6153,6196,16202,16256
3.62482,3.2362,0.120821,-0.00801155,0.294927,-0.0393034,6123,6155,16215,16130
3.49712,3.12628,0.0858421,0.0375001,0.204442,0.051527,6182,6181,16220,16105
3.32473,2.99463,-0.0152989,-0.0398179,-0.0808548,-0.0320854,6174,6201,16214,16306
3.39858,3.07868,-0.099812,0.0212176,-0.147069,0.0901896,6180,6178,16261,16119
3.49624,3.00422,0.110644,-0.074209,0.196088,-0.109179,6208,6196,16269,16265
3.33871,3.02901,-0.0025549,-0.0787013,0.158072,-0.0694338,6206,6166,16261,16141
3.37909,2.97162,-0.0985968,0.099237,-0.168417,-0.0348434,6154,6172,16060,15969
3.30025,3.0781,0.098587,-0.0547173,0.151071,-0.333414,6153,6165,16142,16096
3.26362,3.16548,-0.0299679,-0.0975286,-0.195759,-0.0737962,6185,6196,16299,16160
3.26526,2.79834,0.0335124,-0.065391,-0.0482082,-0.0728094,6182,6160,16189,16214
3.26758,2.85217,-0.0737116,-0.00118642,-0.0488225,0.0533886,6176,6163,16292,16192
3.33774,2.90062,-0.0311803,-0.0632787,-0.267197,-0.109534,6194,6187,16172,16047
3.32137,2.79182,0.114508,0.10176,0.0475522,-0.143192,6179,6166,16335,16121
3.29636,2.85977,0.0668059,-0.0324394,-0.0303451,-0.185612,6177,6187,16269,16049
3.17645,2.92866,-0.0128191,-0.127431,-0.142205,-0.19705,6180,6149,15961,16247
3.33333,2.94361,0.163208,-0.0621607,0.169897,-0.0926327,6152,6194,16269,16207
3.24574,2.86294,0.108699,-0.10013,-0.058432,-0.112608,6185,6159,16284,16150
3.21693,3.07415,0.172424,0.00992028,0.132025,-0.0746564,6178,6193,16204,16316
3.25215,2.95346,-0.00132994,-0.179505,-0.00555,-0.203456,6181,6186,16156,16208
3.3387,2.79795,0.0105152,-0.0616813,-0.042879,0.0328151,6160,6172,16245,16208
3.09395,2.90969,-0.108787,-0.0502946,-0.0568929,-0.15924,6197,6184,16166,16160
3.44849,2.95735,0.106635,-0.0546009,0.282127,-0.204248,6147,6199,16238,16174
3.15919,2.91828,-0.012884,0.0398146,0.241739,-0.154924,6163,6167,16173,16128
3.33228,2.76405,-0.0482395,-0.0436156,-0.0649988,-0.0798547,6206,6205,16285,16134
3.31453,2.88526,0.0170608,0.118147,-0.0878804,0.150229,6176,6167,16200,16194
3.16136,3.07152,0.0191396,0.142938,0.0626975,0.00597953,6180,6182,16198,16343
3.23995,2.88713,0.0710061,-0.0262551,0.192016,-0.182729,6154,6194,16108,16212
3.27563,2.94343,0.0229814,-0.0233908,0.0632289,0.0560055,6175,6200,16219,16291
3.30393,3.02329,0.177228,-0.050653,0.392845,-0.137706,6198,6169,16323,16198
3.20552,2.91897,-0.0160271,0.374061,0.00328488,1.24641,6154,6152,15979,16261
3.15885,3.12723,-0.0553383,0.0476138,-0.0710161,0.0790689,6182,6194,16141,16145
3.12099,2.95737,-0.0575173,0.0718919,0.0495358,-0.00731143,6155,6149,16130,16332
3.328,2.91162,0.0552261,0.0280818,-0.0382252,-0.0209894,6172,6178,16129,16163
3.213,3.1051,0.0115797,-0.129813,0.0894478,-0.386965,6212,6189,16264,16280
3.25031,2.96176,0.0440329,0.069721,0.0296378,0.304348,6171,6201,16106,16321
3.20755,3.10476,-0.0195526,0.00876338,-0.161873,-0.0382006,6178,6181,16256,16170
3.43419,2.86814,-0.00397294,-0.00782223,-0.0835216,-0.0634798,6188,6152,16257,15966
3.15349,3.03744,-0.0666242,-0.0492043,-0.063141,-0.00321323,6192,6213,16231,16203
3.24406,3.22662,0.0581872,0.0445454,0.168831,0.11378,6165,6188,16158,16259
3.22253,2.9734,-0.10613,0.052238,-0.200184,0.351122,6183,6182,16246,15987
3.21739,2.91343,-0.0652337,-0.0641669,-0.336005,-0.0627848,6201,6177,16087,16128
3.16914,3.06068,-0.12309,0.0509111,-0.191655,0.158426,6189,6171,16246,16326
3.36899,2.87838,-0.0421139,0.0163103,-0.0807415,-0.0822844,6145,6148,16092,16056
3.26409,2.91959,0.244238,-0.00535817,0.239912,0.174497,6182,6193,16209,16300
3.17898,3.11803,0.147691,0.136687,0.207281,0.355766,6154,6170,16322,16249
3.104,2.88351,-0.167033,0.151206,-0.287228,0.189476,6203,6201,16138,16334
3.42695,2.85297,0.00172865,0.0316457,-0.0382177,-0.188782,6174,6205,16235,16326
3.44353,2.98777,0.0694863,-0.0846009,0.179323,-0.0437188,6193,6175,16230,16286
3.22597,2.99845,0.017833,-0.0539363,0.160825,0.00774939,6189,6166,16265,16051
3.43511,2.97585,0.160702,0.0036478,0.255458,0.110129,6169,6205,16205,16328
3.3232,2.77707,-0.0852407,-0.15228,-0.128144,-0.352567,6198,6192,16343,16089
3.30717,2.92803,-0.011139,0.00930119,0.0474951,0.154274,6181,6185,16156,16239
3.39771,2.87656,0.0248745,-0.0571962,0.0260098,-0.192994,6172,6177,16315,16254
3.33882,2.94149,-0.0458293,0.0560077,-0.18237,0.178625,6207,6168,16178,16095
3.44791,2.85614,0.0318724,-0.011344,0.12956,-0.0481507,6203,6164,16287,16155
3.33319,3.04435,-0.0562595,0.0652474,-0.151342,0.183765,6172,6190,16219,16365
3.20503,2.93663,-0.0556878,-0.0665102,-0.113482,-0.0617585,6224,6187,16166,16147
3.18723,2.95157,-0.102202,-0.062686,-0.0292538,-0.0526755,6194,6189,16360,16124
3.48341,2.94663,-0.0134978,0.0023332,0.309381,-0.167801,6184,6188,16201,16323
3.18931,2.95382,0.101028,0.0163496,0.107447,0.0291406,6202,6194,16157,16234
3.42089,2.91733,0.0393873,-0.0428013,0.0980725,-0.0539658,6200,6175,16129,16198
3.2488,2.83283,-0.0805679,-0.0346465,-0.0414927,-0.112439,6177,6174,16292,16081
3.11853,2.92794,-0.075488,-0.0264734,-0.262455,0.0195707,6171,6154,16175,16147
3.45635,3.081,-0.0297753,-0.0600405,-0.175744,-0.13128,6164,6197,16202,16189
3.37185,2.89755,0.090947,0.0743032,0.222198,-0.0752804,6184,6164,16137,16241
3.21577,2.9987,-0.0828976,-0.0633733,-0.286162,-0.148668,6172,6204,15986,16247
3.2291,2.99469,-0.0809574,0.0792082,-0.125644,0.0379259,6191,6190,16256,16223
3.24891,2.87026,0.0242335,-0.0543951,0.00825827,-0.217502,6135,6181,16190,16155
3.45381,2.73108,-0.0960768,-0.0218464,-0.114014,-0.170237,6177,6187,16242,16176
3.38251,3.04798,0.0065944,9.16306e-05,-0.0754212,-0.194399,6194,6123,16218,16086
3.36792,2.91079,-0.0092943,-0.0531076,-0.00946788,-0.0906208,6170,6153,16176,16179
3.36231,2.82315,-0.0663138,-0.185509,-0.189549,-0.302662,6173,6173,16165,16174
3.21907,3.02657,0.0437773,0.132718,0.0254215,0.12892,6198,6151,16375,16253
3.34709,2.93633,0.121448,0.190793,0.21864,0.286775,6178,6155,16204,16220
3.40564,3.16928,0.0022954,0.175472,0.0174125,0.306595,6182,6199,16115,16277
3.53285,2.92245,0.246962,0.21535,0.171533,0.14498,6177,6165,16263,16192
3.27656,2.95866,-0.0609908,0.0231971,-0.157981,0.154554,6174,6147,16143,16121
3.31499,2.91856,0.102797,-0.0275549,0.128998,0.086173,6199,6163,16329,16030
3.1077,2.93481,-0.103943,-0.0823347,-0.307123,-0.0807614,6168,6186,16177,16267
3.31979,2.94545,-0.0493508,0.0247882,-0.0703742,0.0935598,6160,6184,16237,16165
3.27081,2.79671,0.0922945,-0.0309737,0.0347563,-0.0663086,6174,6184,16240,16185
3.24582,2.93497,0.036719,0.0792629,-0.0421974,0.390832,6175,6162,16260,16209
3.2975,2.93846,0.0749732,0.0881935,0.00410666,0.150709,6178,6203,16165,16203
3.26177,2.93411,0.110848,-0.0294592,0.21144,0.132662,6160,6193,16073,16252
3.30373,2.74981,-0.0316645,-0.0772113,-0.177626,-0.20818,6163,6166,16149,16173
3.11568,2.98163,-0.194541,0.057641,-0.43321,0.103339,6150,6169,16143,16185
3.30157,3.07785,-0.049927,0.00624556,-0.0518045,0.101424,6192,6177,16201,16092
3.3649,2.90883,0.281631,-0.0729748,0.30928,-0.102792,6179,6191,16213,16279
3.28915,3.00861,0.000361668,0.102908,0.00543256,0.0276429,6194,6176,16160,16224
3.30458,3.08488,-0.0141498,-0.0203017,-0.115491,0.0343569,6203,6182,16217,16227
3.16764,2.95864,-0.0158389,0.00431441,-0.0110844,-0.224112,6178,6137,16244,15967
3.19988,2.88487,-0.0243851,0.0014805,0.0246352,-0.126462,6201,6159,16094,16136
3.18426,2.87967,-0.0506189,-0.0812029,-0.181925,-0.0672899,6171,6190,15998,16206
3.33944,3.04083,0.0522227,0.168359,0.305409,0.399372,6161,6155,16011,16176
3.26856,3.02069,0.00205643,-0.00326807,0.0525655,-0.0721479,6176,6185,16155,16187
3.43774,3.09669,-0.0668216,0.212102,0.0523641,0.241751,6189,6184,16252,16236
3.30864,2.91552,0.0380733,0.057356,0.0971918,-0.0222368,6192,6174,16163,16113
3.27881,3.12325,-0.0898848,0.0863385,-0.117769,0.0808006,6191,6198,16189,16209
