0.607019,0.694681,-0.204316,-0.186735,-0.34954,-0.348325,570,642,3811,4002
0.578776,0.807206,-0.21544,-0.0559407,-0.345595,-0.0418527,563,562,3605,3659
0.907251,0.876467,0.172019,0.0214843,0.0859599,0.146797,568,576,3755,3918
0.823471,0.815627,0.0907287,-0.0394814,0.281326,-0.219537,566,581,4018,3718
0.636305,0.770598,-0.0428067,-0.0154679,0.0223489,0.0723696,559,588,3718,3814
0.90052,0.872939,0.123556,0.0569791,0.230706,-0.0371627,562,591,3561,3733
0.814257,0.630972,-0.104451,-0.142003,-0.278184,-0.250688,569,574,3847,3746
0.824383,0.804783,0.0253972,0.00348551,0.0969229,-0.0631387,569,626,3882,3851
0.643914,0.702261,-0.300916,0.036129,-0.401698,-0.0923669,571,586,3865,3968
0.630604,0.996586,-0.253779,0.120554,-0.345337,-0.138411,568,592,3908,3882
0.733436,0.626105,0.0648506,-0.148807,0.139165,-0.155262,567,595,3815,3882
0.815558,0.750403,-0.0770016,-0.217341,-0.0841673,-0.298087,570,596,3901,3834
0.476326,0.820832,-0.231685,0.348185,-0.170527,0.507455,560,583,3730,3893
0.909058,0.798555,-0.170264,0.00951005,-0.25322,0.215305,569,583,3906,3911
0.695619,0.623159,-0.0743527,-0.0359188,-0.21199,-0.190289,570,570,3927,3827
0.567789,0.813073,-0.0365976,0.0411445,-0.107043,0.0995409,565,575,3668,3959
0.60173,0.808448,-0.0145411,0.00933242,-0.0487877,-0.0194181,571,598,3790,3802
0.878758,0.671903,0.13884,-0.167137,0.0974449,-0.478957,569,596,3905,3867
0.810625,0.812458,0.130289,0.0045525,0.219962,-0.124445,569,593,3865,3976
0.849603,0.616079,0.257474,-0.183086,0.311683,-0.25058,570,597,3912,3753
0.826635,0.776742,0.113665,0.22702,0.164605,0.271553,565,564,3712,3742
0.593277,0.79178,-0.145494,-0.138825,-0.315325,-0.0856878,565,587,3802,3668
0.525292,0.913132,-0.156491,0.00666717,-0.355903,0.0239376,569,597,3820,3869
0.684994,0.846145,-0.0693989,-0.0813181,-0.0388247,-0.104619,568,607,3926,3952
0.722342,0.665701,-0.0170526,-0.357435,0.0667292,-0.32222,568,601,3789,3633
0.869333,0.787017,0.366441,0.2341,0.761898,0.411992,562,574,3829,3836
0.790677,0.505424,0.0977439,-0.386647,0.235548,-0.518891,566,595,3793,3696
0.786751,0.670498,0.215107,-0.0988206,0.449677,-0.161471,569,592,3668,3734
0.658831,0.878225,0.0395904,-0.0261736,0.0337539,0.18096,571,580,3918,3774
1.01303,0.823129,0.172707,0.184035,0.0334357,0.0514231,571,573,3746,3903
0.741021,0.542181,-0.221126,-0.272658,-0.365122,-0.475494,569,601,3548,3888
0.815947,0.785955,0.144266,-0.0936173,0.0313474,-0.21446,571,590,3868,3698
0.745849,0.627403,0.00820916,-0.174526,-0.03688,-0.296907,569,601,3740,3797
0.815383,0.715469,-0.0129592,0.0978582,-0.00434459,-0.0343728,570,586,3691,3661
0.770819,0.884408,-0.022835,0.0395378,0.0543849,0.0335449,563,598,3766,3901
0.645167,0.702855,0.0395164,-0.0657649,-0.0195002,-0.167975,567,556,3728,3772
0.828953,0.60252,-0.0185966,0.00711415,0.125304,0.0210317,569,615,3877,3869
0.622626,0.667013,-0.120221,0.0154017,-0.249427,-0.047805,560,576,3618,3743
0.538909,0.78052,-0.0946117,-0.0124562,-0.0463585,-0.123736,563,614,3415,3934
0.83775,0.927477,0.272724,-0.0511474,0.240872,0.138446,566,576,3845,3792
0.752983,0.801259,0.00291015,0.0848944,0.233211,0.0867116,567,570,3819,3658
0.885172,0.743193,0.167471,-0.0914663,0.507764,0.0518145,571,585,3966,3855
0.548196,0.798599,-0.195061,-0.0119726,-0.384409,-0.0479762,564,591,3644,3771
0.594048,0.896331,0.170902,0.17832,0.0556187,0.45958,566,568,3714,3880
0.723339,0.734094,0.0112208,-0.0486222,0.327906,-0.0698081,569,605,3911,3887
0.678866,0.612363,-0.096799,-0.215683,-0.211111,-0.214208,566,591,3876,3813
0.763415,0.569628,0.0193953,-0.122849,0.00553856,-0.126625,571,552,3860,3767
0.683288,0.874362,-0.115606,-0.0437946,-0.0579134,-0.0742922,559,591,3553,3810
0.69512,0.662703,-0.0131934,-0.0431988,0.0247602,0.00691151,562,585,3720,3685
0.730294,0.709583,0.0597049,-0.0172871,0.243841,0.000526198,569,575,3727,3673
0.792623,0.862994,-0.153626,0.150514,-0.250369,0.204099,569,603,3675,3869
0.869815,1.07974,0.337358,0.270942,0.635668,0.570243,566,567,3873,3823
0.735046,0.859219,0.03496,-0.123551,0.154778,-0.210999,569,608,3845,3937
0.723591,0.71189,-0.0470501,-0.00174126,-0.233576,-0.0876529,570,593,3897,3862
0.69298,0.842452,-0.0270722,-0.10549,0.0464188,-0.265282,566,578,3775,3926
0.800589,0.960371,0.108692,0.157252,0.242191,0.0996932,562,556,3803,3863
0.647579,0.724128,0.0361688,-0.166184,0.181487,-0.0424968,561,591,3529,3811
0.703698,0.758345,0.0302302,-0.0194157,-0.300349,-0.135939,566,574,3597,3931
0.618818,0.65881,-0.233142,-0.0733958,-0.276431,-0.137467,571,572,3663,3773
0.612485,0.865078,-0.0746859,0.244976,-0.139335,0.279315,568,581,3863,3914
0.699162,0.939695,-0.112481,-0.0161859,-0.103444,0.0814732,571,600,3761,3840
0.71494,0.72257,0.0578946,0.00179483,-0.0554229,0.0124213,571,583,3996,3762
0.954167,0.858615,0.177188,0.198817,0.213912,0.292839,558,561,3745,3694
0.613616,0.644063,-0.166853,-0.1611,-0.147117,-0.321553,570,593,3793,3801
0.769334,1.03706,0.155465,0.438367,0.123981,0.58933,569,555,3897,3933
0.655596,0.709124,0.260099,-0.374531,0.551346,-0.618042,560,624,3815,3845
1.01342,0.810508,0.192984,-0.05656,0.0849435,-0.0617471,570,564,3839,3929
0.770556,0.605401,-0.1438,-0.205449,-0.223174,-0.0656809,568,583,3840,3892
0.788225,0.646343,-0.0217223,0.122378,0.141501,0.235124,569,591,3820,3785
0.724163,0.767098,-0.0276914,0.0874753,-0.0028349,0.143316,569,631,3687,3961
0.662165,0.653842,-0.0413891,-0.236213,-0.171338,-0.334063,570,613,3621,3890
0.566568,0.93237,-0.138177,0.325521,-0.113793,0.508005,569,566,3647,3837
0.644948,0.786564,0.00283237,-0.128246,-0.123035,0.116508,569,567,3853,3867
0.616104,0.571849,-0.079337,-0.149003,-0.22044,-0.189862,564,579,3756,3679
0.732337,0.694604,0.0697911,-0.0714341,0.263385,-0.158488,567,614,3693,3896
0.623334,0.68663,-0.0962821,-0.0848275,-0.112754,-0.273779,570,574,3815,3714
0.685133,0.783026,-0.0958088,0.145878,-0.322544,0.379185,571,599,3626,3979
0.792659,0.690672,-0.169911,-0.18318,-0.260408,-0.437431,570,566,3557,3649
0.542085,0.802393,-0.232032,0.0293502,-0.208764,-0.0018639,570,574,3536,3942
0.702636,0.873341,0.135725,0.169843,0.371919,0.641806,570,588,3800,3977
0.809348,0.68137,0.19424,-0.130478,0.118648,-0.252935,568,600,3750,3711
0.730702,0.824417,-0.0319972,-0.0514397,-0.0994356,-0.133159,571,583,3798,3883
0.885857,0.810809,0.216173,-0.0268485,0.451736,-0.159914,562,627,3967,3804
0.901835,0.694585,0.0363982,0.131261,-0.0154439,0.190244,563,551,3891,3492
0.584127,0.917002,-0.0961414,0.138223,-0.119537,0.273258,571,589,3709,3868
0.758582,0.760983,0.106011,0.30878,0.183058,0.486106,569,573,3738,4015
0.793323,0.606469,0.20461,-0.271074,0.489138,-0.318764,569,597,3718,3851
0.753448,0.795408,0.051453,0.0350481,-0.0165735,0.0610686,571,597,4019,3817
0.714449,0.769926,0.15755,0.0463884,0.178441,0.162575,566,575,3901,3571
0.760494,0.734383,0.0179635,-0.198635,0.253533,-0.295828,570,629,3709,3953
0.604231,1.00895,-0.0405605,0.233523,0.0446658,0.323219,568,586,3606,3730
1.02676,0.779718,0.0384558,0.0118269,-0.0437887,-0.186971,569,553,3814,3857
0.817454,0.797215,0.14699,0.138663,0.237015,0.144892,569,569,3756,3719
0.83405,0.857218,0.0388193,0.0126449,0.0584596,0.0313546,554,608,3651,3917
0.772355,0.78958,-0.000757624,0.166916,0.108196,0.211976,567,565,3830,3741
0.647709,0.606223,-0.065843,-0.240137,-0.112364,-0.405149,569,551,3780,3582
0.530236,0.667823,0.144078,-0.084526,0.227685,-0.19369,562,600,3901,3906
0.604427,0.768809,0.0186782,0.185304,-0.0419036,0.588533,571,567,3604,3764
0.620822,0.598027,-0.190337,-0.312122,-0.260764,-0.566889,568,605,3651,3734
0.507751,0.747285,-0.133412,-0.122591,-0.153927,-0.0988624,570,565,3848,3924
