52.2158,46.2311,-0.00278508,-0.0652308,-0.00105391,-0.0881432,4947,4887,32628,32444
51.3969,50.3277,0.0295291,-0.0164123,0.0435515,-0.0449549,4910,4832,32091,31880
52.7964,48.7213,-0.067433,0.0461093,-0.060609,0.147099,4887,4860,31473,32256
47.4464,47.0402,-0.0363633,-0.0405397,-0.106139,-0.108821,4869,4917,32390,32473
52.9349,51.2048,0.0587923,0.0317318,0.149868,0.0812774,4885,4828,32528,32256
51.076,53.137,0.0592769,0.0466571,0.146598,0.0366955,4866,4934,32278,32358
46.7014,52.9968,-0.0623427,0.0394982,-0.0865166,0.0307807,4850,4943,32482,32625
50.7712,52.2865,-0.0732489,0.027696,-0.0937842,0.0968899,4866,4894,31708,32614
49.2807,49.0919,-0.0213192,-0.052286,-0.0250521,-0.059377,4928,4896,32301,32406
51.7999,51.2863,-0.0195351,0.0727021,-0.0577645,0.0850558,4868,4893,32396,32052
49.7593,53.8326,0.0257226,0.0479586,0.0545083,0.0744439,4884,4941,32282,32166
49.5183,51.799,-0.0226722,0.0149018,-0.0641989,0.0104643,4922,4885,32540,32565
46.8801,43.8916,0.0455262,-0.0877188,0.0718753,-0.115677,4862,4907,31731,31563
47.0795,51.9828,-0.056749,0.0419533,-0.027598,0.0796568,4927,4903,32589,32344
54.2182,51.1201,0.113056,0.0478889,0.234998,0.114931,4889,4950,32729,32539
48.3898,46.227,0.0734737,-0.0813559,0.0592724,-0.112438,4886,4869,32088,31878
48.9484,49.4882,0.00643443,-0.036675,0.0835002,-0.0621669,4883,4957,32239,31963
48.9287,53.3703,-0.00105935,0.132427,0.0279353,0.200997,4936,4794,32358,32403
53.6549,50.8449,0.129434,-0.0375982,0.226095,-0.105234,4937,4939,32312,32512
52.3859,46.6129,0.059823,-0.101987,0.0831552,-0.184221,4880,4925,32332,31979
52.2748,41.9346,0.0514099,-0.161991,0.099376,-0.244694,4950,4962,32429,31967
54.991,48.6447,0.0645441,-0.0375282,0.0418336,-0.0828296,4844,4845,32731,32070
45.4427,52.5278,-0.109457,0.00684675,-0.187419,0.00225021,4893,4889,31452,32335
50.0832,50.9771,0.0256195,0.0747752,0.0398144,0.114819,4945,4910,32563,32739
48.2962,53.2101,0.00859225,0.104556,-0.0163841,0.157482,4868,4904,32142,32604
44.716,50.6506,-0.0848045,0.00655273,-0.199534,0.0257332,4918,4866,31938,32200
47.3679,54.7896,-0.0828963,0.0881468,-0.15443,0.108779,4956,4913,32168,32576
46.749,51.7233,-0.0686249,-0.00988842,-0.145196,0.0487911,4954,4899,32417,32419
49.6812,48.3106,-0.000754396,-0.0249542,0.0132147,0.00306202,4894,4909,32489,32598
56.2033,49.2987,0.0830732,-0.0170563,0.231794,-0.0179445,4912,4932,32577,32717
47.3246,48.0988,-0.0183484,-0.0297461,0.0149862,-0.0236045,4912,4883,31854,32395
49.153,49.6243,-0.0431788,-0.0652439,-0.0591905,-0.0964923,4914,4868,32265,31869
53.6607,51.1537,0.110976,-0.00632924,0.184313,-0.0201748,4889,4887,32600,32200
47.5797,49.7182,-0.070434,-0.015027,-0.108673,0.0178575,4928,4958,32090,32174
50.2053,50.2908,0.0203133,-0.0345457,-0.00495488,-0.0358282,4941,4935,32421,32562
48.661,54.7945,-0.00749813,0.00153501,-0.0345725,0.0545192,4873,4950,32534,32658
54.5072,52.4912,0.051077,0.00117503,0.118708,0.0290543,4920,4778,32673,32731
51.059,50.2444,0.0978314,-0.020115,0.128557,-0.0747444,4855,4945,31940,32145
52.295,52.7568,0.0332097,0.035236,-0.00940158,0.054634,4917,4921,32505,32083
49.5932,51.9351,-0.031674,0.0305343,-0.0683818,0.0287377,4931,4897,31874,31905
49.1622,53.6377,-0.0289122,0.0395779,-0.083076,0.0191575,4850,4901,31787,32077
46.9586,50.5557,-0.0694364,0.0646799,-0.100782,0.170955,4950,4824,32111,31854
53.5655,54.5425,0.0438982,0.110523,0.0671261,0.156447,4825,4956,32142,32542
52.2177,46.4872,0.0613431,0.0205098,0.09668,0.0383013,4897,4867,32751,31672
49.2408,48.1519,-0.0346213,-0.0224655,-0.0537604,-0.0431941,4888,4891,32065,32007
52.703,52.692,-0.00516164,0.0660469,-0.055255,0.136846,4929,4844,32355,32286
49.3312,47.2494,-0.0654989,-0.0270114,-0.0811091,-0.0212638,4932,4940,32472,31878
50.6777,50.0365,0.00590602,-0.0405267,-0.0762115,-0.0392968,4936,4935,32287,32508
49.8085,46.8081,0.0446884,0.0441575,0.0671187,0.0646709,4898,4905,32501,32543
52.51,53.9862,-0.00336124,0.11204,-0.0444436,0.137433,4916,4911,32499,32406
49.0217,48.8208,-0.00579304,0.0175863,-0.0389158,-0.00650956,4893,4827,32424,32411
48.4617,52.5335,-0.0350868,-0.0385097,-0.00557126,-0.030163,4936,4852,32081,32425
51.7923,50.9135,-0.0282014,0.0817243,-0.00679603,0.118877,4906,4816,32156,32118
52.0429,48.189,0.040942,-0.06181,0.0414507,-0.077525,4902,4928,32394,32248
51.8913,51.3023,-0.0251755,0.0745282,0.0263734,0.0279432,4943,4847,31567,31874
51.8055,54.9408,0.0192775,0.125368,0.00597902,0.198024,4937,4838,32163,32501
45.696,50.0037,-0.0693405,-0.0297573,-0.101069,-0.0706529,4959,4827,32510,32595
47.7257,50.8752,-0.0132345,0.0724748,0.0730712,0.128812,4860,4937,32323,32249
51.1547,47.0597,0.0246328,-0.0864774,0.0164793,-0.0542668,4933,4969,32380,32415
50.4637,49.5911,0.0157787,-0.00565841,0.0491956,0.0157838,4926,4925,31799,32615
53.1348,50.0045,0.0154232,-0.0197402,-0.0147535,-0.0139033,4928,4910,32433,32512
50.7077,49.3508,-0.0547402,0.0104675,-0.104084,-0.011681,4952,4892,32336,32513
47.5255,46.4957,0.0010186,-0.0898471,0.00187309,-0.106158,4883,4912,32103,31859
55.1843,48.8053,0.0520906,-0.0210265,0.0955145,-0.0389446,4868,4922,32538,31976
49.9338,48.9997,-0.0585187,-0.0841148,-0.0918212,-0.1606,4863,4887,32174,32275
47.4867,54.3319,-0.0873479,0.0885012,-0.131635,0.127684,4818,4853,31721,32396
49.9661,47.2264,-0.0140608,-0.119118,-0.0733589,-0.17422,4935,4967,31943,32159
53.0559,50.3293,-0.00167378,0.0188904,0.0803834,0.019234,4887,4863,32301,31869
50.0684,48.4911,0.0350106,-0.038027,-0.000308351,-0.0196387,4920,4880,31881,32768
49.0446,51.4766,0.000592602,-0.0141237,-0.00350384,0.00785886,4920,4920,32432,32402
46.531,53.1199,-0.0346062,0.114376,-0.0647706,0.115961,4928,4884,32664,32278
51.3131,49.4272,-0.0301498,-0.0082207,-0.0489486,-0.0308746,4922,4857,32300,32138
51.084,49.672,-0.00676499,-0.0247267,0.043035,-0.0994365,4845,4957,32024,32274
50.3624,50.5104,0.0507104,0.0519331,0.140089,0.164412,4796,4920,32070,32487
51.1733,48.061,-0.00514864,-0.0229122,-0.0208445,-0.00728269,4882,4898,31430,32106
51.4882,53.6557,0.00944473,0.148848,0.0965675,0.240802,4886,4841,32468,32718
47.8864,48.1646,-0.10155,-0.0737795,-0.139131,-0.133455,4912,4933,32613,32588
49.0908,48.0211,-0.0474221,-0.0642828,-0.0914633,-0.0676448,4887,4945,32329,32559
54.5443,47.5263,0.0982382,0.0113558,0.147351,0.0646224,4873,4873,31799,32512
50.3203,50.5944,0.0194582,-0.00788514,0.0201191,0.030872,4827,4946,32083,32603
51.9914,48.8645,0.0250935,-0.0567946,0.0798122,-0.0287613,4918,4942,32507,32276
46.1435,50.5391,-0.0596022,0.0864915,-0.167772,0.128781,4964,4811,31558,31846
48.6282,49.7638,0.0155357,0.0284851,0.0548426,-0.00553162,4853,4913,32642,31980
44.0788,48.6827,-0.0331081,-0.0152526,-0.122986,-0.0243302,4921,4902,32271,31799
50.7026,52.9103,-0.0112589,0.0536683,-0.0510193,0.10376,4909,4877,32063,31944
49.9939,49.4383,0.0368804,-0.0132928,0.0937399,-0.0145951,4889,4905,32520,31841
52.9556,52.1694,-0.00720137,0.00262091,-0.0249365,-0.0534126,4947,4922,32628,32486
48.402,51.0659,-0.00139944,0.0913947,0.000913286,0.161285,4918,4918,32273,32565
48.8829,53.0226,0.0303673,0.0846693,0.0930109,0.16106,4893,4902,32131,32430
48.8978,50.0601,-0.125988,-0.00885499,-0.219991,-0.0401409,4969,4932,32512,32629
48.8037,50.0174,-0.0143962,-0.000424962,0.0432227,-0.0178591,4927,4871,32469,32321
49.8345,48.8795,-0.0263096,-0.0705353,-0.0544725,-0.0544776,4945,4862,32686,32274
47.0246,53.485,-0.0499184,0.0447493,-0.0958791,0.0946014,4904,4942,32058,32513
52.5057,45.3027,0.0480312,-0.0632373,0.166996,-0.13732,4893,4930,32387,32000
50.1484,52.1221,-0.0132015,0.0545208,0.0157044,0.145413,4885,4838,32211,32495
53.3314,52.1698,0.0901127,0.0398249,0.0542141,0.0329145,4923,4921,32148,32188
48.6652,50.9524,0.0315581,0.0567852,-0.0168322,0.0798899,4947,4921,32250,32753
52.6239,50.3451,0.0587594,0.0667843,0.148023,0.103719,4833,4887,32255,32507
50.4508,51.8552,0.0447517,0.0839791,-0.00529753,0.182486,4848,4849,32055,32707
49.9155,49.8197,-0.0421799,0.0104179,-0.108919,0.0853373,4963,4805,32564,32614
