13.1748,10.6126,0.0782795,-0.0588605,0.100965,-0.0363643,2408,2376,16094,15849
13.2387,13.4568,0.0464577,0.0205188,0.153959,-0.0331421,2412,2467,15704,16035
11.1778,11.3883,0.0258027,-0.104274,0.131466,-0.258401,2405,2485,16169,15789
12.4303,11.8258,-0.0109363,-0.130993,0.00769644,-0.171845,2411,2463,16074,16243
12.9489,13.1342,-0.0188067,-0.0782211,-0.0178356,-0.143436,2409,2476,15856,16169
12.6226,11.1604,0.0557537,-0.0792766,0.0552285,-0.141034,2408,2525,16021,16217
10.8236,11.8204,-0.100747,0.071009,-0.291432,0.0680719,2394,2420,15472,16206
13.0526,11.7398,0.080675,0.00210621,0.205275,0.0368477,2405,2407,15808,15749
11.7106,12.0525,0.00307313,0.121768,-0.0582923,0.148742,2403,2411,16307,16106
13.3016,12.2428,0.0240435,0.0069713,0.0293793,0.0196018,2409,2480,16198,16044
11.373,12.7698,-0.0443981,-0.0175007,-0.107611,-0.0198801,2413,2446,16095,16248
12.7326,12.0648,0.0545893,-0.00239882,0.108734,-0.0448793,2401,2404,16139,16311
12.5701,13.4759,-0.0594557,0.112801,-0.126213,0.171142,2399,2449,15872,16279
12.3595,10.9668,-0.0225309,-0.069727,-0.0012773,-0.148002,2415,2450,15861,15840
11.614,12.4514,0.00654284,0.0106056,0.093016,-0.00582215,2408,2380,16019,16136
12.4324,12.959,0.0318457,0.0269408,0.00693376,0.137492,2419,2414,15986,16378
12.7902,13.1571,0.0347328,0.0870137,0.054725,0.223071,2418,2400,16093,16156
11.8139,13.1547,-0.0335142,0.000806865,-0.0410564,0.020511,2412,2474,15681,16236
11.0096,12.8276,-0.14232,-0.0553548,-0.0880938,-0.0743343,2401,2449,15716,16187
11.3003,12.783,-0.0974678,0.0527822,-0.224774,0.0733359,2408,2415,15712,16011
13.3239,11.7717,0.0414315,-0.0563824,0.116563,-0.0215576,2414,2510,15632,16247
12.1649,11.867,0.016536,-0.0302554,0.0859091,-0.0184569,2406,2432,15934,16145
12.571,13.0619,-0.0137782,0.00563377,-0.0404515,0.051527,2412,2432,16033,16301
11.095,12.4246,-0.0385865,0.0500097,-0.0640426,-0.0479987,2422,2421,15920,15638
10.074,13.3044,-0.145998,0.0666177,-0.252161,0.226148,2416,2421,15741,16032
12.3854,12.163,0.00404916,-0.0297448,-0.0393266,-0.0680746,2401,2393,16000,15670
11.3248,11.8394,-0.0386691,-0.0724201,-0.0231743,-0.163425,2406,2403,16069,15717
12.1038,11.9707,-0.0047192,-0.0686411,-0.0735981,-0.0622584,2422,2443,16067,16279
12.2065,12.7498,-0.0509837,0.0697625,-0.0561255,0.119758,2421,2387,16116,15765
12.763,13.4092,-0.0126921,0.0129806,-0.111449,-0.0121502,2421,2458,15837,16152
11.5815,11.1902,-0.066454,-0.0281318,-0.100466,-0.0456252,2415,2438,15973,16340
12.3911,12.469,0.024028,-0.0485463,0.00775955,-0.063063,2392,2468,15743,15997
13.0932,13.0947,0.020678,-0.0269222,0.108346,-0.0727147,2361,2439,16288,15774
11.079,13.4883,-0.0474365,-0.028216,-0.114396,-0.0385263,2404,2417,15802,16036
12.6718,12.8951,0.000648939,-0.074425,-0.0452909,-0.0562042,2391,2451,16103,15899
12.5412,12.092,-0.00134136,-0.0284165,-0.0632974,-0.0282336,2408,2451,15946,16251
13.5102,12.0535,0.0331284,-0.0722054,0.139749,-0.0698081,2395,2426,15727,15968
12.1007,12.1655,0.0356016,0.00526131,-0.0226159,-0.0319495,2416,2462,15399,16224
14.7785,12.3374,0.270811,-0.00676684,0.43717,0.0163012,2393,2426,16064,16087
12.8022,12.7752,-0.0221785,-0.00199347,-0.0199713,-0.0809608,2413,2540,15650,15964
12.3422,12.0137,0.0178622,-0.0636565,0.0108755,-0.156108,2418,2464,15748,16078
12.4443,11.8254,-0.0208382,-0.0356889,-0.0659452,-0.066876,2414,2468,15824,15997
12.3889,12.2907,0.025249,-0.0297055,0.0839121,-0.0125501,2420,2392,16059,16283
13.2428,12.6088,0.0646903,-0.0122068,0.0504333,0.0473922,2414,2456,15323,16202
13.7658,12.51,0.074447,0.0877814,0.205351,0.161271,2415,2406,16115,16101
12.8341,11.851,-0.000440584,-0.0701332,-0.0682794,-0.129801,2406,2507,16184,16303
11.4975,13.7675,-0.0829528,0.0861331,-0.124526,0.125603,2418,2451,15536,15960
10.7494,11.5605,-0.0620769,-0.0430809,-0.1009,-0.0659177,2399,2406,15406,15903
13.876,12.0754,0.206375,-0.00948347,0.294901,-0.0391308,2417,2420,16236,15827
12.1239,13.1295,0.0131805,0.0775308,0.0589769,0.0773085,2413,2449,16030,16155
12.6401,12.2895,-0.0610952,0.00107865,-0.0951528,0.00487193,2411,2437,15634,16191
12.254,11.6755,0.0529682,-0.0460401,0.051741,-0.059901,2415,2448,15492,16214
12.1927,12.2057,-0.0195244,-0.058529,-0.0225782,0.00324688,2411,2451,15786,15943
14.3397,12.8437,0.100971,-0.115687,0.0891795,-0.108843,2400,2469,15860,16039
11.5437,13.211,-0.0108694,-0.0689727,-0.117865,-0.113489,2416,2506,15924,16094
12.2715,11.3618,-0.0901,-0.0717346,-0.0823832,-0.0947041,2421,2366,15960,15800
13.6336,11.8832,0.139634,0.0577552,0.0505268,0.103166,2400,2389,16234,16080
14.722,12.4196,0.172073,-0.0590944,0.30578,-0.12414,2376,2440,16267,16229
12.0156,13.469,-0.0525372,0.11311,-0.00499131,0.184939,2404,2422,15490,16095
12.0226,12.5782,-0.0242458,0.0530379,0.0388312,0.17293,2419,2369,15778,15648
12.5079,13.4585,0.0124288,0.102462,-0.0537036,0.197314,2407,2395,15612,16166
10.6302,13.7853,-0.0719801,0.0631568,-0.144249,0.139736,2376,2448,15332,15694
14.3394,10.9031,0.115705,-0.0597744,0.164815,-0.164059,2414,2484,15841,16193
12.7277,13.4331,-0.00371031,-0.0639,0.054755,-0.0922595,2405,2450,15853,16301
11.903,12.3984,-0.000638129,0.0170572,-0.018006,-0.0579965,2410,2406,15719,15791
12.5929,13.9533,0.0616184,0.091027,0.0454378,0.11217,2410,2431,16041,16283
12.5964,11.6605,0.0870247,-0.128457,0.178669,-0.271598,2384,2482,15803,16233
12.7725,14.0719,0.0316613,-0.0420733,0.139713,-0.134748,2403,2503,15689,16250
11.2043,12.7782,-0.00278407,-0.0812567,0.0156893,-0.0489959,2413,2397,15868,15873
12.0139,11.2348,0.0275665,-0.0764011,-0.0213874,-0.154823,2412,2445,15625,16117
12.2605,13.1619,-0.0830991,0.0706732,-0.150223,0.00795995,2412,2477,15452,15982
13.0057,13.35,0.0141585,0.0461755,0.0463974,-0.0061346,2410,2443,16047,16368
13.6211,12.2421,0.0781816,-0.0227251,0.225867,-0.0296723,2424,2442,16077,15764
12.4071,13.1483,0.0303409,0.0387919,0.0833616,0.10795,2415,2550,16191,16301
11.5927,14.1114,-0.00160709,0.101871,-0.0217036,0.178928,2409,2417,15729,16050
12.3004,13.5858,0.0968958,0.0656776,0.101466,0.0269941,2409,2416,16185,15940
13.2006,12.0132,0.133221,-0.0434713,0.211685,-0.0388368,2410,2414,15868,15829
12.879,13.0068,0.050833,0.00621474,0.0293333,0.0393857,2406,2472,15990,16019
11.9525,12.1743,0.0324603,-0.104315,0.0159421,-0.139176,2403,2437,16206,15660
11.9995,12.1165,-0.0563844,-0.0225224,-0.00705276,-0.00718725,2401,2421,15893,16280
10.7975,12.0709,-0.158958,-0.00116639,-0.205789,0.0299843,2410,2408,15688,16075
12.1761,12.121,0.0153662,-0.00570795,0.162066,0.025174,2416,2515,15896,16307
12.0136,12.7787,0.0246669,-0.0191849,-0.0312271,0.0754539,2412,2405,15413,16224
11.3574,10.751,-0.0844277,-0.183281,-0.0905625,-0.250935,2407,2509,15495,15725
14.5337,12.9884,0.0651002,0.0180873,0.114652,-0.0845016,2417,2462,15901,15897
13.6182,11.4195,0.148343,-0.10848,0.207529,-0.137474,2410,2444,16133,15978
11.11,12.4438,-0.0755467,-0.0432803,-0.187005,-0.0844489,2410,2413,15311,15761
10.7376,13.4275,-0.0623029,-0.0396407,-0.0131811,-0.0568892,2414,2410,16045,16376
11.3766,13.2645,-0.0774983,0.0289436,-0.152877,0.00762792,2409,2466,15433,15848
12.8465,13.1478,0.137412,0.0360043,0.162817,-0.00941479,2382,2456,15869,15833
11.9988,12.1479,-0.00679928,0.000894537,-0.054745,0.0192532,2413,2406,15826,16109
11.0407,11.5355,-0.0908102,-0.0199386,-0.0755344,-0.0312989,2412,2466,15874,16200
12.5969,13.2196,-0.0686018,0.138998,-0.0755214,0.172682,2417,2408,15876,15863
12.098,12.786,0.041956,-0.078299,-0.0881432,-0.100818,2405,2480,15868,16221
11.7356,12.3701,-0.0236749,-0.00589533,-0.155346,0.00217166,2409,2392,15333,15753
12.3247,12.3995,-0.109719,0.00384653,-0.119999,-0.0561014,2414,2413,15489,15606
14.067,13.0346,0.0978806,0.083417,0.22605,0.110942,2398,2411,15882,16190
11.3586,12.7256,-0.0984586,0.0302298,-0.222991,0.0479557,2416,2395,16172,15978
12.8092,11.4066,0.0892512,-0.0345852,0.0972785,-0.114681,2412,2427,16163,15649
12.4408,12.2751,0.00218462,0.0352469,0.0164585,-0.00107202,2413,2421,15655,16100
