0.750602,1.08765,-0.176766,0.344935,-0.780442,-0.868937,377,380,981,993
0.743264,1.2043,-0.147368,-0.146181,-0.992527,-0.798541,377,374,1006,966
0.740114,1.10672,-0.41699,-0.115459,-0.988496,-0.657524,374,377,1016,998
0.7506,1.19069,-0.148742,-0.0623937,0.0272474,-0.786151,356,379,948,964
0.754832,1.1851,0.155986,-0.0265389,-0.484207,0.0918925,374,365,967,977
0.748139,1.03248,-0.103029,-0.282429,-0.00589031,-0.171864,370,372,993,986
0.738328,1.01791,-0.0570255,0.818875,-0.303528,4.25724,378,376,1001,981
0.760535,1.01726,-0.33693,0.126903,-0.554217,1.44368,371,378,971,1004
0.75049,1.18243,-0.160873,-0.256568,0.465033,-0.881417,378,370,987,970
0.740979,1.11246,0.105805,0.399708,0.844556,-0.850157,368,377,965,999
0.764875,1.10544,0.144113,-0.236307,-0.68071,-0.338178,369,378,980,993
0.743477,1.19915,0.11088,0.49531,0.0353996,-0.967936,368,355,966,965
0.741673,1.13263,-0.31647,0.0111036,-0.987453,-0.652511,372,384,975,995
0.745448,1.15989,-0.437454,-0.159972,-0.926878,-0.113756,372,387,942,989
0.75666,1.11973,-0.101077,-0.0453465,-0.868928,0.168898,371,374,978,990
0.740697,1.19066,0.0957187,0.27588,-1,-0.280561,367,363,963,949
0.745829,1.01552,-0.115447,0.391672,-0.992435,-0.890653,372,378,972,998
0.750982,1.16273,0.103443,0.55472,-0.311917,0.190595,372,372,977,936
0.75164,1.01135,-0.219697,-0.260247,-0.49365,-0.093487,374,383,996,989
0.736098,1.22303,-0.183582,-0.372904,-0.330631,-0.799336,378,379,980,972
0.751727,1.19798,0.259595,0.292418,-0.524061,0.54612,374,378,1020,967
0.742051,1.19632,-0.217934,0.0681226,0.41025,0.95641,370,365,980,975
0.745222,1.14368,-0.0390353,0.353517,-0.999962,1.97614,373,380,977,990
0.75859,1.20623,0.340505,0.93354,-0.621781,-0.666281,370,357,982,981
0.74108,1.0416,0.523778,0.88813,-0.262932,-0.295151,375,374,1006,989
0.752211,1.19269,-0.0899558,0.035888,0.748577,-0.482678,378,358,956,949
0.751304,1.16547,0.378431,-0.111667,-0.270365,-0.851634,376,375,993,988
0.755934,1.17663,-0.0257016,0.233167,-0.937767,-0.234535,378,370,1011,957
0.757657,0.963394,0.252217,-0.0879126,0.885142,-0.817527,377,375,1016,992
0.768188,1.18492,0.428388,-0.224142,0.031091,-0.958916,377,373,1018,996
0.739529,1.19471,-0.00649774,0.156818,-0.792113,0.483725,371,365,981,970
0.758879,1.07442,-0.344362,-0.281771,-0.441835,3.43127,378,381,1000,997
0.745672,1.10154,0.00748152,0.304878,-0.829585,-0.534072,369,372,980,999
0.74258,1.13279,0.312061,0.310552,0.725692,-0.546779,377,375,962,999
0.745926,1.18588,0.188465,-0.111357,3.78098,0.289496,374,362,979,975
0.761101,1.1647,0.177293,0.419298,-0.115772,2.06315,373,372,996,994
0.750236,1.07779,-0.358434,-0.0799497,-0.885507,-0.829902,378,386,959,990
0.748775,1.18418,-0.288772,-0.183277,1.34283,-0.682488,367,368,946,983
0.734807,1.20163,-0.188743,-0.137677,-0.338206,-0.706349,371,360,988,959
0.749754,0.969279,-0.0565667,0.637745,-0.233624,-0.806613,376,371,987,1005
0.75223,1.20052,0.0379369,-0.255216,0.120585,-0.494768,372,370,988,964
0.750896,1.16726,0.480264,-0.291333,1.11129,-0.447755,369,372,1002,966
0.737527,1.1659,-0.36724,-0.132423,-0.9867,-0.694484,375,376,989,976
0.734705,0.967102,-0.55823,0.0509157,-0.857459,-0.928792,377,379,977,1004
0.733475,1.17449,-0.170396,0.114508,-0.911225,0.904047,376,358,974,964
0.734865,1.17569,-0.600402,0.000637507,-0.770398,-0.33564,375,362,945,977
0.750902,1.1901,-0.0534671,-0.275682,-0.512919,2.65792,372,375,950,984
0.737799,1.12962,-0.171015,-0.251087,-0.992299,-0.841711,375,377,981,985
0.763879,1.18719,0.0628028,-0.0821854,1.69163,6.41328,376,376,971,983
0.741012,1.0008,0.715597,-0.036554,0.183645,0.19669,367,382,1000,987
0.753228,1.21175,-0.246473,0.54717,-0.259752,-0.793508,377,357,1009,941
0.760283,1.19984,0.306942,0.202605,10.3906,-0.430382,370,372,954,967
0.763497,1.14407,-0.259662,0.601696,0.132846,-0.449028,359,375,941,977
0.758701,0.957307,-0.0824982,0.0980488,-0.560308,-0.502234,376,384,1003,1008
0.755019,1.19773,0.615288,0.0626442,0.221326,-0.999925,366,368,981,958
0.741384,1.00983,-0.108598,-0.0347747,-0.897406,-0.771056,370,380,965,991
0.748855,1.05601,-0.160333,-0.469762,-0.305078,-0.729137,372,373,990,990
0.745656,1.17698,0.305567,-0.0291949,-0.662802,-0.581898,372,364,958,970
0.7523,1.02229,0.280078,-0.157601,1.18771,3.55685,370,379,1008,980
0.760543,0.986616,0.267076,-0.472411,0.0205504,-0.972263,369,394,990,990
0.755779,1.00435,-0.0352253,0.0656868,-0.416944,-0.0736474,378,371,958,989
0.742892,1.19623,0.391979,-0.094146,-0.47421,-0.136605,375,360,967,979
0.74336,1.18567,-0.373696,-0.276795,-0.854127,-0.70457,375,363,981,948
0.741603,0.961125,1.09741,0.0315694,-0.761166,-0.305233,366,367,937,991
0.739836,1.18407,-0.486415,0.0487071,-0.189696,-0.752886,375,366,975,954
0.733408,1.18573,-0.187908,0.152744,0.0288512,-0.755871,374,374,993,964
0.76077,1.08181,-0.529817,-0.0913395,-0.965727,-0.981482,369,378,945,1006
0.744432,1.03303,0.157476,-0.446196,-0.360986,-0.876383,375,372,1015,985
0.751882,0.9687,-0.037314,0.646651,-0.19032,0.16793,375,377,984,997
0.751218,1.00789,-0.471577,-0.112752,-0.892082,-0.657992,377,375,993,995
0.744474,1.19596,-0.311554,-0.0906343,0.0737963,-0.76572,374,370,1009,981
0.757493,1.03315,-0.149195,-0.312268,-0.878591,-0.762861,369,386,991,995
0.759693,1.20554,0.397511,0.186491,-0.450485,-0.797004,374,367,990,959
0.760389,0.918863,-0.0144181,-0.0940175,-0.663755,9.88744,374,375,977,1015
0.748205,1.20212,-0.09216,0.43821,0.255188,2.6358,374,355,968,950
0.742324,0.939189,-0.355257,-0.38396,-0.766037,-0.178048,374,386,991,1003
0.761191,0.93952,0.00964847,0.224707,-0.377209,-0.896142,369,375,966,994
0.746594,1.20285,-0.362042,0.0121526,-0.741982,0.347306,374,353,983,960
0.74626,1.1964,-0.371398,-0.120796,-0.300183,0.51891,377,367,959,977
0.745245,1.21031,0.334873,0.109512,-0.029228,-0.161084,374,362,979,947
0.773406,1.17415,0.122118,-0.473455,-0.0878092,-0.909779,370,369,940,984
0.728112,1.09013,-0.427025,0.0182144,-0.774429,-0.964805,371,392,954,986
0.75098,1.10759,-0.159739,0.150856,0.581028,0.519775,372,371,981,995
0.742526,0.967838,-0.0827638,-0.0386703,0.832324,-0.708258,374,370,989,987
0.750231,1.18485,-0.180052,1.88855,-0.13391,2.03257,376,376,971,970
0.731505,1.18916,-0.40931,0.343824,-0.960255,-0.392675,373,372,956,957
0.750819,1.18424,0.753697,-0.13806,9.74452,-0.870433,371,371,972,949
0.755134,1.19265,-0.125886,-0.313314,-0.736333,3.35925,370,365,1002,970
0.761712,1.1795,0.568254,-0.285628,0.983846,-0.916564,376,375,1004,985
0.749524,1.18729,-0.0744866,-0.268293,0.433792,-0.926366,370,359,954,952
0.740311,1.17787,-0.165525,0.357046,-0.278554,3.11142,371,369,968,991
0.74727,1.19899,0.00562004,0.0014491,-0.609672,-0.383037,371,355,964,954
0.752151,1.08952,0.104341,-0.165815,0.258484,1.75173,374,391,984,986
0.758943,1.15812,0.703058,-0.319327,-0.0065042,-0.95919,377,371,1003,962
0.740022,1.18868,-0.43233,-0.364993,-0.16322,-0.881433,375,362,973,956
0.740058,1.12104,-0.0551584,-0.190695,-0.684165,-0.654213,364,371,977,985
0.739671,1.13694,-0.343581,-0.274064,-0.889359,-0.741153,377,377,984,984
0.748743,1.14659,0.0193976,-0.0339324,-0.749894,-0.799135,373,367,995,991
0.753894,0.988789,-0.131176,0.787482,0.107473,-0.577374,374,379,986,993
0.762283,1.18736,-0.0451106,-0.161545,1.15822,0.452905,378,367,1005,982
