0.547652,0.614431,-0.135053,-0.0955714,-0.144688,-0.0194911,570,551,4024,3639
0.867797,0.63137,0.182235,-0.259193,0.570114,-0.434347,569,557,3722,3579
0.683628,0.821915,-0.0347069,0.108293,0.0817322,-0.0402487,558,564,3714,3713
0.572607,0.779083,0.0682933,0.0217412,-0.0827806,0.0438669,571,551,3539,3513
0.671377,0.629986,-0.127667,0.0160495,-0.224601,-0.137555,570,561,3722,3487
0.600476,0.680978,-0.16307,-0.108684,-0.0748739,-0.0860202,570,574,3575,3767
0.736054,0.448676,-0.0799936,-0.311329,-0.0878302,-0.501114,570,566,3755,3834
0.771317,0.688468,0.049524,-0.11204,0.232747,-0.151849,569,564,4043,3587
0.863224,0.758884,0.245993,0.133561,0.594621,0.267455,569,573,3637,3794
0.872239,0.736919,0.0765849,0.119954,0.216292,-0.0560465,571,546,3931,3713
0.670128,0.677468,-0.101624,-0.187641,-0.200659,-0.394656,561,571,3896,3523
0.635829,0.778498,-0.0657023,-0.0478314,-0.158257,-0.193025,570,582,3551,3869
0.908342,0.833003,0.228287,-0.051949,0.145238,-0.223776,566,550,3826,3872
0.999739,0.725009,0.287131,-0.0401336,0.491038,0.0839017,569,549,3660,3698
0.705229,0.675428,0.151381,-0.0685648,0.00255593,-0.191335,567,554,3807,3579
0.703644,0.651785,-0.157627,-0.0656493,-0.144671,0.00994597,569,563,3784,3821
0.916361,0.80203,0.0771019,0.219152,0.00569936,0.3846,564,576,3649,3786
0.671608,0.66137,-0.0206169,-0.0354073,-0.118747,-0.189258,571,563,3885,3660
0.80278,0.733132,0.00758086,0.0806451,-0.0457176,0.265892,569,551,3783,3898
0.839318,0.654714,0.337513,-0.294184,0.424575,-0.428925,569,592,3800,3718
0.633996,0.620257,-0.0735791,-0.734536,-0.245148,-0.938105,569,563,3621,3790
0.991879,0.719106,0.196472,-0.164113,0.270479,-0.234438,566,550,3657,3421
0.611059,0.844077,0.059586,0.180429,0.132592,0.0925773,570,557,3581,3732
0.989951,0.657005,0.310509,-0.144212,0.601082,-0.209223,569,574,3864,3833
0.621161,0.633004,-0.157342,0.0100282,-0.206821,-0.113467,570,567,3733,3817
0.735516,0.643813,0.00452881,-0.0659917,0.0686252,-0.264691,568,568,3938,3482
0.968946,0.650239,0.246387,-0.114278,0.696012,-0.229083,564,547,3872,3439
0.79633,0.754175,0.122181,-0.0526352,0.134105,-0.0608801,565,578,3722,3725
0.721034,0.646292,-0.0186267,-0.108932,-0.120056,-0.226939,544,549,3561,3478
0.913739,0.627908,0.11966,-0.179943,-0.0460466,-0.245432,565,550,3654,3604
0.804659,0.649067,0.0226559,-0.0254102,0.218185,-0.191226,568,561,3652,3649
0.591441,0.758331,-0.146169,0.0530216,-0.225541,0.122604,552,546,3817,3646
0.745457,0.657225,-0.0834202,-0.078051,-0.200991,-0.294407,569,564,3638,3798
0.753688,0.858353,0.00838846,0.31997,0.300357,0.44674,570,567,3835,3841
0.730729,0.695422,-0.0399281,0.0435043,0.0427214,-0.0299654,571,578,3670,3762
0.856315,0.705935,0.299444,-0.117238,0.235009,0.0625063,561,553,3791,3530
0.589624,0.742611,-0.260564,0.197543,-0.353496,0.239234,567,566,3753,3616
0.809314,0.686543,0.0472292,-0.0906758,0.147943,-0.0895563,567,572,3568,3598
0.79033,0.659949,0.110112,0.386155,0.230619,0.365914,550,542,3589,3544
0.74871,0.805997,0.0199994,0.25951,-0.0741315,0.414447,569,554,3640,3684
0.868809,0.863884,0.182947,0.173367,0.192973,0.0400425,567,549,3874,3770
0.620541,0.697765,-0.093292,-0.00856606,-0.0921751,0.0194055,570,559,3508,3729
0.582725,0.71676,0.00865343,0.000421369,-0.215405,0.0119402,563,566,3698,3690
0.653431,0.720797,-0.0059227,0.2883,-0.00279664,0.316814,569,554,3776,3753
0.967147,0.687397,0.0882642,-0.262703,0.0676406,-0.344934,570,574,3908,3792
0.83599,0.692384,0.0306261,-0.0741762,0.142361,0.0838673,571,559,3754,3606
0.545415,0.589915,-0.251776,-0.210156,-0.265362,-0.179827,563,554,3555,3735
0.664216,0.725779,-0.0526401,-0.0329906,0.0451811,0.00183443,570,548,3699,3658
0.667248,0.750999,-0.186844,0.124409,-0.192123,0.186997,565,568,3691,3843
0.777185,0.653184,0.201985,-0.0690606,0.119821,-0.151655,566,570,3825,3739
0.612783,0.679899,-0.195677,-0.214277,-0.133125,-0.364728,571,557,3601,3534
0.662494,0.767562,0.0856283,0.0870348,0.165273,0.311086,569,564,3784,3893
0.803121,0.534711,0.0934058,-0.276566,-0.0599172,-0.482976,571,524,3695,3344
0.766329,0.784353,0.157645,0.14505,0.122692,0.243605,569,557,3776,3825
0.769187,0.714577,0.016825,-0.194132,0.0511278,-0.213796,569,561,3800,3702
0.844452,0.648379,0.160431,-0.133311,0.215837,-0.25572,569,552,3923,3473
0.738461,0.650236,-0.0364071,0.0157955,-0.147929,0.112682,569,568,3889,3811
0.839563,0.739804,0.073135,-0.103051,-0.0400514,-0.0346966,570,551,3627,3538
0.608054,0.826231,-0.0663815,0.108004,-0.173561,0.0379935,569,585,3566,3748
0.759846,0.626644,-0.0927727,-0.121117,-0.176894,-0.177283,569,553,3616,3484
0.67296,0.796119,0.118755,0.0240804,-0.0441075,0.118736,570,566,3575,3772
0.58452,0.749174,-0.196601,0.0906714,-0.339364,0.0251568,569,588,3683,3672
0.642705,0.659654,0.031615,-0.064764,0.141461,0.0470148,571,569,3665,3530
0.722104,0.587573,0.0134959,-0.195552,-0.0955382,-0.214,569,540,3758,3490
0.769154,0.911373,0.140598,0.204637,0.0311447,0.0793231,566,537,3675,3643
0.610631,0.601572,-0.151306,-0.0398758,-0.283178,-0.0761035,570,563,3754,3700
0.564384,0.909502,0.0258214,0.157724,0.130978,0.286893,569,561,3699,3803
0.751054,0.812951,0.0203842,0.0488153,0.123708,-0.100919,564,531,3791,3449
0.795152,0.72647,0.106461,-0.0484744,0.252394,0.00131401,569,576,3856,3781
0.722834,0.801172,-0.101623,-0.0855984,-0.139476,-0.0393701,568,570,3638,3627
0.803572,0.551737,0.0812951,-0.0943909,0.130088,-0.227002,570,544,3698,3483
0.885856,0.639464,-0.0914464,0.0959832,-0.0813128,0.0379637,570,540,3918,3607
0.704224,0.720558,-0.0738468,0.0184555,-0.12112,-0.0599533,568,558,3703,3763
0.866826,0.711381,0.084528,-0.0539486,0.0182143,-0.155319,569,577,3772,3548
0.503726,0.690437,-0.0808097,-0.0241089,-0.311032,-0.139042,571,564,3579,3802
0.669425,0.708507,-0.057237,-0.0606005,-0.208179,-0.327168,571,583,3698,3551
0.727976,0.803956,-0.0475066,0.223502,-0.138544,0.369662,569,546,3559,3763
0.694322,0.722433,0.0435594,-0.159819,-0.206398,-0.267446,569,574,3595,3742
0.661251,0.820308,0.0117375,0.0512921,-0.0446027,-0.00195083,569,551,3741,3885
0.833426,0.757202,0.0378997,0.124211,0.169541,0.0595934,565,546,3590,3517
0.650891,0.716621,-0.225344,-0.201455,-0.354291,-0.259563,569,579,3829,3872
0.943333,0.73063,0.167259,-0.143387,0.35746,-0.233855,570,562,3814,3499
0.693209,0.623263,0.0386917,-0.0766653,-0.026381,-0.0539299,567,549,3811,3463
0.600359,0.664778,-0.0131155,0.18238,-0.0604401,0.248076,571,556,3509,3647
0.605409,0.821026,-0.136405,0.266258,-0.0390689,0.160944,570,565,3927,3691
0.763022,0.74557,0.236863,0.0996143,0.295188,0.22739,564,574,3810,3831
0.700791,0.591648,-0.0769452,-0.242399,-0.23182,-0.37352,570,573,3561,3584
0.793773,0.605096,-0.0220552,-0.088995,-0.0848693,-0.120897,570,559,3704,3519
0.55606,0.655793,-0.39203,0.0381807,-0.538904,-0.115871,568,528,3469,3370
0.592903,0.655885,-0.193938,0.0203326,-0.182551,-0.0802096,560,565,3674,3729
0.671064,0.65311,-0.0277266,-0.102804,-0.0667301,-0.0807675,569,569,3635,3778
0.658148,0.682045,-0.116597,-0.125221,-0.220508,-0.196972,570,558,3822,3792
0.584908,0.859644,-0.219415,0.243379,-0.426466,0.284578,570,556,3594,3658
0.825917,0.599883,0.0661098,-0.292165,-0.187851,-0.414256,567,580,3662,3804
0.676085,0.526458,-0.0954889,-0.196006,0.103754,-0.340263,567,542,3713,3611
0.975188,0.865813,0.568387,0.261479,1.25222,0.501127,570,552,3898,3558
0.756218,0.746897,0.0827232,0.104465,0.476898,0.00699037,562,573,3697,3848
0.834876,0.723579,0.0804404,-0.139826,0.00171103,-0.374193,569,558,3661,3621
0.682673,0.791399,-0.185713,-0.0248952,-0.154442,-0.104609,569,571,3876,3700
0.811022,0.816416,-0.0342489,0.292229,0.0520725,0.387939,560,545,3896,3575
