11.3607,12.4387,0.0395797,0.0852931,0.0379812,0.085982,2409,2379,15596,15673
12.1022,13.9302,-0.0153795,0.106168,-0.179105,0.262187,2410,2406,15619,15619
13.6965,14.754,0.0534431,0.194222,0.104148,0.229394,2408,2355,15746,15317
12.092,11.0299,0.117446,-0.0168099,0.219167,-0.0303677,2406,2398,15934,15850
12.365,11.405,-0.00926728,-0.0186776,-0.0581441,-0.0799624,2382,2402,15963,15998
12.6834,12.1471,-0.0521205,-0.0255329,-0.0787103,-0.0637841,2404,2364,15808,15537
12.2006,11.8536,-0.105871,-0.0532555,-0.17343,0.00449432,2415,2380,15483,15681
11.3058,12.4293,0.00591674,0.00222692,0.0768482,0.024868,2405,2430,15985,15908
12.154,11.8352,-0.0206078,-0.0435759,-0.12608,-0.102219,2412,2404,16079,15536
12.3586,12.9819,0.0110047,-0.108742,-0.0575369,-0.113279,2406,2423,16186,15805
11.1224,11.7016,-0.084103,-0.111815,-0.114947,-0.102738,2419,2379,15669,15745
12.36,12.2604,-0.0392318,-0.0165741,0.0436745,-0.01992,2402,2390,15866,15822
12.0239,10.8806,-0.0431407,0.0129414,-0.0707401,-0.0441716,2403,2380,16267,15528
10.5194,13.0699,-0.163607,0.0423771,-0.235507,0.0427461,2413,2352,15703,15776
11.4133,11.9192,-0.0401127,0.0256827,-0.0690883,0.0572792,2400,2404,15837,15992
13.8197,11.8923,0.132718,-0.107477,0.128915,-0.170143,2409,2420,16018,15635
13.8439,12.1493,0.0864584,-0.00908518,0.0211174,0.0665396,2398,2399,15582,15624
11.2596,13.0742,-0.0468726,0.144161,-0.065958,0.0919457,2413,2372,15537,15551
11.8544,10.804,0.0302772,-0.112693,0.0557279,-0.240497,2400,2417,15837,15802
12.0041,13.4616,0.0269616,0.0498278,-0.0736052,0.164391,2417,2407,15817,16154
13.3184,11.2801,0.0490794,-0.0874407,0.0865452,-0.161934,2397,2445,15668,16059
11.3588,13.6476,-0.0715628,0.0907457,-0.0933881,0.126147,2404,2356,15401,15709
12.4341,12.5986,-0.058263,-0.0736579,-0.0549578,-0.0995509,2406,2384,15400,15668
12.7085,13.1403,0.0174067,0.122836,0.0573887,0.147172,2397,2381,16048,15843
13.506,13.825,0.124257,0.158442,0.186453,0.217295,2405,2411,15928,15688
12.1103,13.2783,0.0791803,0.0549331,0.051005,0.1018,2412,2354,15726,15827
11.0168,11.7221,-0.112445,-0.0490426,-0.12402,-0.11718,2416,2403,15757,15465
12.5296,12.0419,0.0708423,-0.0529181,0.170147,-0.176839,2408,2418,16088,15734
11.4096,12.0545,-0.0641426,-0.0390625,-0.057642,-0.0781786,2414,2426,15952,16117
11.5233,12.2249,-0.0967308,0.0396843,-0.124267,0.0782084,2408,2393,15436,15905
12.9657,10.0766,0.104553,-0.106904,0.113638,-0.13204,2416,2412,15721,15790
11.201,11.4695,-0.0157129,-0.102661,-0.127457,-0.130885,2415,2419,15920,15802
12.245,11.9632,0.0156573,-0.00648336,0.177787,0.0576498,2402,2371,15900,16164
12.1175,13.0782,-0.090019,-0.0191383,-0.138662,0.0214954,2412,2433,15863,15902
13.1397,12.8339,0.0442859,0.0913856,0.129685,0.152984,2413,2392,15948,16166
11.3439,14.0631,0.00669866,0.149766,-0.0418883,0.351351,2415,2405,16168,15799
11.3366,11.4769,0.00437938,0.0154483,4.16608e-05,-0.0180517,2414,2375,15584,15652
13.1728,12.4946,0.120342,0.0478501,0.19808,0.0855215,2405,2410,15695,15686
12.1862,12.1779,-0.106512,-0.0233489,-0.0897867,-0.0369086,2417,2398,16065,15997
11.7943,13.8682,-0.0580152,-0.0230073,-0.0745488,-0.162516,2406,2390,15755,15507
12.384,11.3188,0.0507131,-0.0958589,0.0535709,-0.218638,2403,2425,15780,15683
11.1857,13.2072,-0.0599564,0.0404767,-0.14981,0.107211,2410,2423,15716,15678
11.7425,12.1759,-0.0842466,-0.0477483,-0.0816657,0.0332028,2410,2389,15867,16053
13.2197,12.1269,0.020573,-0.0188786,0.0931801,0.0111581,2413,2379,15757,15625
13.1592,11.8394,0.12407,-0.0108406,0.183306,-0.0327459,2414,2393,15953,15850
10.6107,12.3251,-0.155122,-0.0194781,-0.204911,-0.102541,2413,2427,15973,15876
12.8727,11.9423,0.000179212,-0.0476377,-0.0286661,-0.0441569,2384,2424,15917,15597
11.272,12.7942,-0.0766892,0.032513,-0.131045,0.0812297,2405,2382,15815,15898
13.5438,13.8439,0.0724044,0.121889,0.0727011,0.22303,2404,2374,15544,15862
13.97,15.5763,0.0926904,0.147663,0.168556,0.158945,2403,2393,16047,15835
12.3007,12.9226,0.00579386,0.0854741,0.0370315,0.146506,2387,2393,15486,15847
10.8853,12.5398,-0.117485,-0.00281035,-0.170643,0.0701633,2411,2394,16155,15810
12.3751,11.5003,-0.0598609,-0.163051,-0.099232,-0.249864,2406,2423,15835,15954
13.4609,12.4852,0.208337,0.00772567,0.361756,-0.0275103,2408,2412,15929,15577
13.504,11.728,0.0468094,-0.131012,0.0920637,-0.255627,2410,2409,16019,15431
12.6209,12.1034,0.103833,-0.00713845,0.168304,0.0714542,2412,2424,15894,15940
10.9144,12.1601,-0.0193627,0.040302,-0.066031,0.0701163,2403,2367,15603,15562
13.577,11.4724,0.0295187,-0.0454665,0.126135,-0.0583221,2416,2353,15724,15322
12.2163,13.0102,0.0554381,-0.031664,0.00819046,0.0670218,2414,2412,15815,16032
13.0156,12.4353,0.0889141,-0.0271882,0.194851,-0.0102259,2388,2415,16210,15918
13.1627,11.5708,0.0697158,-0.0691024,0.117301,-0.161077,2365,2405,15774,15841
11.9609,12.0375,-0.00975172,0.0287042,-0.0378699,0.0509858,2404,2365,16277,15830
10.6746,13.0528,-0.0946092,0.0960656,-0.0625267,0.114891,2410,2419,15988,15674
12.649,13.538,0.107548,0.0558592,0.227294,0.041807,2407,2380,15955,15863
12.4579,12.0977,-0.0185211,-0.0549133,0.0251722,-0.125215,2389,2411,16325,15492
12.3987,11.3636,0.020479,-0.0361073,0.0560492,-0.0811413,2406,2423,15667,15806
12.1927,11.0413,-0.0171956,0.0783352,-0.0407897,0.257279,2411,2328,15316,16115
11.7139,13.4721,-0.0188161,0.00719098,-0.0330588,0.026652,2411,2387,15829,15701
11.2783,12.4545,-0.0228195,-0.0367557,-0.118059,-0.0882737,2406,2424,15904,15761
12.3705,11.8294,0.0286361,-0.168026,-0.0499578,-0.261003,2412,2389,15610,15454
12.0911,11.6446,0.0426867,-0.0537587,0.0560347,-0.0418429,2405,2417,15640,16066
12.4372,12.3728,0.0397262,-0.0437215,0.0462768,0.0316191,2410,2410,15977,15898
12.2021,12.1828,0.0244525,-0.0423217,0.0575665,-0.0453227,2388,2383,15954,15557
13.1299,12.0084,0.122199,-0.0305266,0.152321,0.0359028,2413,2415,15706,15674
13.8723,13.2098,0.180712,0.0520871,0.285566,0.107881,2385,2384,15941,15350
11.4876,12.3711,-0.100495,0.0123079,-0.080292,0.00670143,2416,2429,15789,15857
11.8688,10.5686,-0.0752459,-0.0280181,-0.121813,-0.0516214,2421,2428,15816,15959
12.4816,11.1378,-0.0341184,0.0112314,-0.017437,-0.0134859,2408,2370,15570,15544
12.8248,10.8262,0.0626797,-0.158131,0.0688177,-0.163617,2420,2415,16038,15691
11.8716,12.4297,-0.025018,-0.0455106,-0.0701511,-0.0599118,2413,2384,16031,15786
11.1308,11.3729,-0.0428271,-0.0780379,-0.0964001,-0.15268,2419,2407,16136,15718
11.7459,12.724,0.00443024,0.0535045,0.00229614,0.0817546,2413,2434,15611,15954
12.2323,12.8172,-0.103454,0.0161732,-0.222202,-0.0393233,2420,2418,15998,16118
11.9996,11.3428,-0.0259056,-0.0319241,-0.0360146,-0.0428745,2412,2428,15585,16064
11.4228,10.873,0.020374,-0.127021,0.0331792,-0.234461,2416,2376,15732,15371
12.0439,11.4388,-0.00111334,-0.0500653,0.116812,-0.0185021,2405,2404,15709,15887
12.8304,12.1555,0.0611614,0.00454547,0.0420227,0.006681,2422,2386,15784,16129
12.3562,12.4683,-0.0204227,-0.0170858,-0.0221718,-0.0223256,2409,2402,15783,16012
11.2358,11.5202,-0.0819383,-0.0443714,-0.0856285,-0.116427,2416,2391,15736,15785
10.7975,12.6696,-0.0694121,0.0708916,-0.0856801,0.0793355,2421,2377,15737,15939
11.6305,12.9565,-0.0570634,0.00866612,-0.107433,0.0888831,2411,2407,15699,15707
11.6301,12.0459,-0.0596754,0.0681048,-0.0453623,0.110157,2412,2385,15864,15622
13.546,12.182,0.0233894,0.0753658,-0.0175106,0.0494066,2419,2322,16343,15561
13.1297,12.3232,-0.00755818,-0.0163231,0.0645065,-0.03567,2420,2410,15539,15733
13.2582,12.1776,0.087203,0.0799876,0.13855,0.0985877,2379,2312,16079,15375
12.1774,11.1878,-0.0881738,-0.0731367,-0.142212,-0.0898797,2407,2327,15739,16204
12.4338,12.11,-0.055216,0.0922208,-0.0105459,0.115488,2413,2402,15815,16062
11.9657,12.9369,0.0175267,0.0382228,0.0659685,0.0828487,2401,2387,15869,15499
11.2061,14.199,-0.119709,0.140344,-0.17536,0.229559,2413,2393,15863,15890
12.9263,11.3842,-0.0357174,-0.0905884,-0.0387745,-0.107336,2413,2446,15719,15975
